time,seconds_elapsed,acc_x,acc_y,acc_z,gyr_x,gyr_y,gyr_z,grav_x,grav_y,grav_z,fs_hz,activity
1783066749624854300,0.0,0.0670177727401256,0.2259346614986657,0.926594620925188,1.474252462387085,1.5540382862091064,1.1299580335617063,0.6270015065629034,-7.336115041747689,-6.4775511699974535,50,walking
1783066749644779300,0.019925,-0.1717707443084567,0.5704571239769458,0.5556038382381201,1.6033729314804075,1.7090258598327637,0.9850907921791076,0.677396280477941,-7.544467284804582,-6.228365396770834,50,walking
1783066749664703500,0.0398492,-0.1566300929956138,0.7289607557594776,0.2041319950133562,1.5525473356246948,1.637954592704773,0.7781110405921936,0.7466510184898972,-7.751901243972778,-5.95994242363274,50,walking
1783066749684628200,0.0597739,0.0349585006564855,0.3732628192722797,0.1436678817003965,1.302193522453308,1.5273218154907229,0.6131752133369446,0.8232132299710064,-7.928913761392235,-5.711832755205035,50,walking
1783066749704552200,0.0796979,0.1385504656214267,-0.3532891217797994,0.2318459313690662,1.0540142059326172,1.5011593103408811,0.6340994834899902,0.8937994357824325,-8.070410144272445,-5.499089583712816,50,walking
1783066749724477200,0.0996229,-0.0730443395532667,-0.3328238413780927,0.1217728607565164,0.9768890738487244,1.558806300163269,0.5827727913856506,0.9575520692467688,-8.189336967948078,-5.309259670296311,50,walking
1783066749744401200,0.1195469,-0.3158229491513222,-0.1062199023157358,-0.4230751901894807,0.9915539026260376,1.4111257791519165,0.4349520802497864,1.0321381583493203,-8.301916468423604,-5.116957229286432,50,walking
1783066749764326400,0.1394721,-0.0753910488098859,-0.5400397738814353,-0.6585118395268916,0.8869780898094177,1.2110600471496582,0.4597978889942169,1.089784364697337,-8.406044366896152,-4.931649761730432,50,walking
1783066749784250400,0.1593961,-0.2360783082418143,-0.6086106212824582,-0.2083437674894928,0.7468518018722534,1.1396300792694092,0.506439208984375,1.120586184065789,-8.495340606939791,-4.769051261849701,50,walking
1783066749804175000,0.1793207,-0.7176489420197903,-0.29286183334589,-0.2982961333543062,0.6679449677467346,1.0499697923660278,0.4378058910369873,1.1406744478486477,-8.571520175778865,-4.625828493568301,50,walking
1783066749824099300,0.199245,-1.012452484017983,-0.0594569820970296,-0.4254474722787738,0.6733700633049011,0.9524791836738586,0.2793213725090027,1.17002080771178,-8.640921628785133,-4.487304404497146,50,walking
1783066749844024000,0.2191697,-0.8390877485163509,-0.4562900620490312,-0.0046405192822217,0.5458948016166687,0.8609923124313354,0.2970334589481354,1.2028569093868136,-8.702430282714962,-4.35789447299093,50,walking
1783066749863948300,0.239094,-0.6895447642374783,-0.5294610967218876,0.404741661119461,0.2811532020568847,0.8334591388702393,0.3697803318500519,1.2158200705301017,-8.746274685138463,-4.265541475725174,50,walking
1783066749883873300,0.259019,-0.9168636466361582,-0.6190764857172966,0.4278273531526327,0.0580843091011047,0.865384042263031,0.3413446545600891,1.2243688492972402,-8.769336411774159,-4.215454671780765,50,walking
1783066749903797200,0.2789429,-0.8519266256928444,-0.757104900225997,-0.0915893194168806,-0.1944048106670379,0.8112581372261047,0.2231523096561432,1.2457729449190198,-8.77121915678084,-4.205254764805734,50,walking
1783066749923722200,0.2988679,-0.4483617532677948,-0.615987287530303,-0.799945970825851,-0.3893048465251922,0.5434100031852722,0.1605100035667419,1.270620385927707,-8.749380834460258,-4.243140258824825,50,walking
1783066749943646200,0.3187919,-0.1332905723318457,-0.8814449811220169,-0.331433848324418,-0.2639237940311432,0.6002642512321472,0.3021425604820251,1.2804125888846811,-8.726038537317514,-4.288029201865196,50,walking
1783066749963571200,0.3387169,-0.2526904203467071,-0.5602689074397087,-0.5573471747741103,-0.08257357776165,0.5998995900154114,0.3930432796478271,1.2684303285375236,-8.720105055615305,-4.303630091100931,50,walking
1783066749983495000,0.3586407,-0.3973676252201199,-0.1058358714342117,-0.7623831328898668,0.0850150063633918,0.5135563611984253,0.3326386213302612,1.2522472554996609,-8.730415437227487,-4.287437665712833,50,walking
1783066750003420200,0.3785659,-0.3413065691716969,0.0354804787039756,-1.1590198134869336,0.2667792737483978,0.396807461977005,0.225097045302391,1.2431724070318042,-8.750973072087763,-4.247985068507492,50,walking
1783066750023344000,0.3984897,-0.2531732354275882,-0.1891530370682478,-0.8785311395019292,0.5331039428710938,0.4748127162456512,0.1683991104364395,1.244372868862748,-8.789253995165229,-4.167847701953352,50,walking
1783066750043269000,0.4184147,-0.2263997947923839,-0.1926858873695135,-0.4388035051971674,0.7931306958198547,0.7033224105834961,0.1580283939838409,1.2645856358081102,-8.847520306172967,-4.036408310446143,50,walking
1783066750063193000,0.4383387,0.0039008068308234,0.0423895274400711,-0.5498641255423427,0.9141037464141846,0.7184138894081116,0.1245930343866348,1.2970483741261063,-8.920089283299445,-3.862648949603736,50,walking
1783066750083117000,0.4582627,0.2047150555983185,0.2168850936025381,-0.8001224964365362,0.7484259009361267,0.5249794721603394,0.0214097779244184,1.330716250450164,-8.986097002214192,-3.694541915434599,50,walking
1783066750103042000,0.4781877,0.3292510974578559,0.1894318540096282,-0.8614581318870186,0.4452588856220245,0.3155616521835327,-0.0430072136223316,1.3630007095918055,-9.028973436388371,-3.57634428281635,50,walking
1783066750122966000,0.4981117,0.1379740539729595,0.5881897645443678,-0.4486024301558732,0.2103433161973953,0.3040999472141266,-0.1130728498101234,1.3976071819402276,-9.049148793932796,-3.511407115742564,50,walking
1783066750142891300,0.518037,-0.1117446570865809,0.5873170733630657,-0.2842614705219864,0.107994943857193,0.4065033793449402,-0.1533558219671249,1.4465120826236904,-9.05605842719078,-3.4735879649579524,50,walking
1783066750162815000,0.5379607,-0.1682702619068324,0.546454317098856,-0.6508885050415992,-0.006699573714286,0.2944455742835998,-0.1938018053770065,1.5036362378589807,-9.05499810448289,-3.4520246601864693,50,walking
1783066750182740000,0.5578857,0.0217078278087079,0.3461784129917621,-0.7927247874006629,-0.1663260459899902,0.14530710875988,-0.1425277143716812,1.5500854159533977,-9.04326499659121,-3.4622201832473274,50,walking
1783066750202664200,0.5778099,-0.081958590631932,0.3746288469284772,-0.5603513250261545,-0.1945172399282455,0.1934999972581863,-0.0628728121519088,1.5778858615487814,-9.026824733921885,-3.4924335352033373,50,walking
1783066750222589000,0.5977347,-0.5232620959512889,0.513488451564312,-0.3835600491419434,-0.0914911031723022,0.3409255445003509,-0.0667867884039878,1.6069376223795115,-9.014699411842226,-3.510459021237492,50,walking
1783066750242513200,0.6176589,-0.7375643334537744,0.6207634158909321,-0.6611050708904862,0.0031811448279768,0.3711128532886505,-0.1253022849559784,1.6502039326541125,-9.008848347726463,-3.5054040759354828,50,walking
1783066750262438100,0.6375838,-0.3944764338232576,0.3410959951609373,-0.918731632465124,0.0104847718030214,0.306792289018631,-0.1025664955377578,1.696622861740738,-9.005262305933236,-3.492435581029951,50,walking
1783066750282362000,0.6575077,-0.1250210488975048,0.1044885484784841,-0.7084089661180972,0.0604879707098007,0.3041737079620361,0.0313342846930027,1.7238988450706003,-9.006130320939421,-3.4768054656997323,50,walking
1783066750302287000,0.6774327,-0.3504566748328507,0.4259411010146141,-0.2873907084584235,0.0968690291047096,0.3486122786998749,0.1128986254334449,1.731761395139247,-9.014541006410122,-3.451005546271801,50,walking
1783066750322211000,0.6973567,-0.6561863191887736,0.6863391731292009,0.1117237604290247,0.0731962621212005,0.4039594233036041,0.1228360533714294,1.7356719927117228,-9.02489464264214,-3.4218571931988,50,walking
1783066750342136000,0.7172817,-0.8220968662269413,0.904278159698844,0.3093409667208791,0.0145878102630376,0.3264811336994171,0.1003861427307128,1.7414703037269412,-9.031544748181105,-3.401302480947971,50,walking
1783066750362060000,0.7372057,-0.8274386656463145,1.043476787030697,0.2662646260604262,-0.0051208022050559,0.3034578561782837,0.0791000723838806,1.743819204940647,-9.03457257156968,-3.3920442387372254,50,walking
1783066750381985300,0.757131,-1.1627883722402157,1.1669465148329734,0.8299222991555929,0.1039461195468902,0.5122877359390259,-0.0151083013042807,1.764481176958233,-9.039081573426722,-3.36927272721976,50,walking
1783066750401909000,0.7770547,-1.120219542710483,1.1215899542808532,0.7684446248859167,0.2057380825281143,0.5859242081642151,-0.1057493090629577,1.8142386028178037,-9.04699599981308,-3.3212624372884627,50,walking
1783066750421834000,0.7969797,-0.659864277049154,0.8870353484749793,0.5099117621213197,0.3249914050102234,0.5217113494873047,-0.0758986845612526,1.8696844495773317,-9.060690178644656,-3.252469471569359,50,walking
1783066750441758200,0.8169039,-0.4909191846206784,0.6486813503861427,0.6838163766533136,0.4196206629276275,0.4962024688720703,0.0179022680968046,1.9063412785843012,-9.08375307432413,-3.165705672612786,50,walking
1783066750461683000,0.8368287,-0.6674252138227224,0.8171779683947563,0.8079086202681064,0.4628165066242218,0.4898595809936523,-0.0120212798938155,1.9339578920453784,-9.111889620006083,-3.0665386114180087,50,walking
1783066750481607200,0.8567529,-1.0397282481521368,0.8466396252006292,1.032041785302758,0.5584284663200378,0.7749345898628235,-0.0881816446781158,1.9791531245559453,-9.140004538378118,-2.9518919492796063,50,walking
1783066750501532200,0.8766779,-1.3586813850879669,0.8507575819134712,1.252228258538246,0.6594917178153992,1.0674479007720947,-0.1780197471380233,2.0570399357043208,-9.17015943814516,-2.8012767326593395,50,walking
1783066750521456000,0.8966017,-1.0719254674017429,0.6181120245993137,0.6253475288107991,0.6322914958000183,0.9581571221351624,-0.2409277856349945,2.153955272449553,-9.196388104379176,-2.637674024172127,50,walking
1783066750541381000,0.9165267,-0.6908949367374181,0.1145171905398368,0.177440387442708,0.4506366550922394,0.6721096634864807,-0.1774516403675079,2.234406965649873,-9.215476251208782,-2.5005638935521244,50,walking
1783066750561305000,0.9364507,-0.8986464374221861,0.0415618444442749,0.2246186104640364,0.2457808852195739,0.4218665957450866,-0.1985296607017517,2.2940173847429453,-9.224073983684182,-2.413368279049545,50,walking
1783066750581230000,0.9563757,-1.3810783642046154,-0.0431873998194932,0.5181571740277111,0.0729566887021064,0.3248148262500763,-0.2684563100337982,2.3541715553238984,-9.221025702029468,-2.366630201011151,50,walking
1783066750601154000,0.9762997,-1.532336554903537,-0.395614351812005,0.4323252490937709,-0.1533296108245849,0.1592932939529419,-0.3253171741962433,2.421034283632785,-9.204835030207038,-2.362201424783468,50,walking
1783066750621078000,0.9962237,-1.4098109760835766,-0.3886562032371759,0.1269857730992138,-0.2592418491840362,-0.003849952481687,-0.3228401839733124,2.484358316421509,-9.17842340862155,-2.3989333648532627,50,walking
1783066750641003000,1.0161487,-1.5404340827718377,-0.5586906983375549,0.2675935365766286,-0.240525484085083,0.0056727793999016,-0.2744047045707702,2.5379180571734903,-9.151143772029876,-2.446616468656808,50,walking
1783066750660927000,1.0360727,-1.578762936644256,-0.7567097634285688,0.0172384273096919,-0.1284600049257278,0.0384930446743965,-0.2617446780204773,2.589115744969249,-9.12775120600462,-2.4801234553307294,50,walking
1783066750680852200,1.0559979,-1.312563192513585,-1.125780976229906,-0.4135474833875894,-0.0204200372099876,-0.0297173000872135,-0.1749221384525299,2.6301222936183213,-9.112872201302649,-2.491666301347315,50,walking
1783066750700776200,1.0759219,-1.2048825699955223,-1.2059925770640372,-0.363450450310111,0.1103602200746536,-0.0385053344070911,-0.0671883672475814,2.6493346513494846,-9.108377812492847,-2.487744743989408,50,walking
1783066750720701000,1.0958467,-1.266042848879099,-1.211387129583955,0.2061861510641872,0.2980467677116394,0.2290654629468917,0.0453580357134342,2.655278069923818,-9.117796798223257,-2.4465602084249256,50,walking
1783066750740625200,1.1157709,-0.9739046536326408,-1.3992138864845036,0.3883195186287164,0.3940254747867584,0.4546736180782318,0.1816013753414154,2.651940449933708,-9.141258922353389,-2.3611415404669938,50,walking
1783066750760550100,1.1356958,-0.7353481187090277,-1.3785393472462892,0.0532487751066684,0.3011415600776672,0.395045131444931,0.1834841072559356,2.6355960488542918,-9.168367878553273,-2.272673421810567,50,walking
1783066750780474000,1.1556197,-0.9139157566159964,-1.4428466919839382,0.2388695463955402,0.1841883808374405,0.5513620972633362,0.1283245086669922,2.6278648700803515,-9.186959766298532,-2.205556426479667,50,walking
1783066750800399000,1.1755447,-0.7615946128606795,-1.7606600112348794,0.6297185835018754,0.1285404711961746,0.8470149636268616,0.1477530896663665,2.6341592940494416,-9.2008924300611,-2.138963308892399,50,walking
1783066750820323000,1.1954687,-0.1282277359843254,-1.7922399753689764,-0.0047822658404707,-0.081198938190937,0.7920607924461365,0.1569291651248932,2.640343243381381,-9.21091113525033,-2.087600055271387,50,walking
1783066750840248000,1.2153937,0.092341891349852,-1.5338117420226334,-0.1311969610534608,-0.3750891983509063,0.7532778382301331,0.0687736719846725,2.649168062610924,-9.207623784142733,-2.0909210163876413,50,walking
1783066750860172000,1.2353177,0.1690706185042858,-1.697860148450732,0.1284527769118547,-0.5301641225814819,0.9622769951820374,-0.0270405504852533,2.6821242835342884,-9.188724437883495,-2.1316516707047817,50,walking
1783066750880097000,1.2552427,0.7825584904342889,-2.2513971172869205,-0.5801493736907839,-0.6167043447494507,0.933738112449646,-0.0353345312178134,2.732129254414141,-9.162060887363552,-2.1823101370573044,50,walking
1783066750900021000,1.2751667,1.6707424244225024,-2.876913865184784,-1.6124515634953975,-0.8631661534309387,0.5782742500305176,0.1507262736558914,2.7588299220740797,-9.131653474140167,-2.274235702691227,50,walking
1783066750919946200,1.2950919,2.1380834573179484,-2.562186821511388,-1.8429162696391344,-1.0262595415115356,0.2323591113090515,0.4441950023174286,2.721996275195479,-9.10326149239242,-2.427292321114242,50,walking
1783066750939870200,1.3150159,2.135081352892518,-1.2632862436473369,-1.867995473577082,-0.8730130791664124,0.0099304420873522,0.634869396686554,2.62908009108901,-9.083703974485395,-2.5970406927496192,50,walking
1783066750959795000,1.3349407,1.7548881498351692,0.1138192714035511,-1.6424039264276622,-0.4846965670585632,-0.1924551427364349,0.7504695653915405,2.495568277221918,-9.083097825285792,-2.727612946033477,50,walking
1783066750979719400,1.3548651,1.349234634567797,1.51138246807158,-1.092720125888288,0.0656886920332908,-0.1261715292930603,0.7470532655715942,2.3495076551660894,-9.107585200810432,-2.7752620014369485,50,walking
1783066750999644400,1.3747901,0.9897196240104734,2.321546173790097,-0.5639326906442642,0.5369169116020203,-0.0397471636533737,0.6743162274360657,2.215218427185714,-9.15759046395123,-2.720613004143536,50,walking
1783066751019568400,1.3947141,1.0980499426089227,2.5935505125463005,-0.3981087989762425,0.7570456266403198,-0.0101483920589089,0.5298464298248291,2.1031473146237434,-9.218756003531814,-2.600329797422886,50,walking
1783066751039493600,1.4146393,1.0879080494314433,2.189004081737995,0.0978881273001432,0.8208728432655334,0.1776584535837173,0.3887125253677368,2.021561502826959,-9.277786284649371,-2.450789662688225,50,walking
1783066751059417600,1.4345633,1.2644956194370984,1.5589356618851422,0.3044289370208978,0.7701380252838135,0.3455033302307129,0.3152788281440735,1.971118140529841,-9.32976547821164,-2.289222405551374,50,walking
1783066751079342300,1.454488,1.5562085750088095,1.0742530335664748,-0.2196978129357099,0.466128796339035,0.1755502969026565,0.231477677822113,1.931245418216288,-9.368665409970284,-2.1607374799355865,50,walking
1783066751099266600,1.4744123,1.143949962387979,0.9801923555999994,-0.1763409017682075,0.1046801507472992,0.0482921451330184,0.0497514605522155,1.9074600534811612,-9.385935109201071,-2.1062312521137296,50,walking
1783066751119191300,1.494337,0.9932939753659068,0.7215729835957289,0.1200619651854038,-0.0297131203114986,0.1337031871080398,-0.0240241475403308,1.912518798175454,-9.386488066908717,-2.099168620251119,50,walking
1783066751139115500,1.5142612,1.3326470723822712,0.435887325489521,-0.0889864434421062,0.0007922777440398,0.1485690176486969,0.1129947155714035,1.9120947275444864,-9.38690950719118,-2.0976678602993486,50,walking
1783066751159040500,1.5341862,1.0541340823844074,0.8825310227930545,-0.1704664567768573,0.0741724222898483,0.0500511638820171,0.2059078067541122,1.8844490341193971,-9.3951150254786,-2.085919262577593,50,walking
1783066751178964500,1.5541102,0.2285723165258765,1.3279764502227305,-0.0969854793719947,0.0884680077433586,-0.0634487643837928,0.1475960314273834,1.8491456655479968,-9.40556335425675,-2.070365427353978,50,walking
1783066751198889500,1.5740352,-0.5523195558704436,1.6652496722251175,0.1414946293145418,0.1091390177607536,-0.1113367900252342,-0.0043128570541739,1.8314219389393924,-9.412287694075705,-2.0555090728752314,50,walking
1783066751218813400,1.5939591,-0.9245281899146736,1.747355708503723,0.4798020166702568,0.1949794739484787,-0.0407720133662223,-0.1164908036589622,1.8415072796240448,-9.415683766254782,-2.0307954873792826,50,walking
1783066751238738400,1.6138841,-0.9907479441449044,1.4846382535308598,0.4556700304545462,0.2686994075775146,-0.0034768416080623,-0.1581531465053558,1.866576546689868,-9.41992038091123,-1.987809309220314,50,walking
1783066751258662400,1.6338081,-1.2347238737687467,1.166428043916821,0.6567012829735874,0.3157190978527069,0.0935670882463455,-0.1977590173482895,1.9019579489335416,-9.424778926858306,-1.930416712307185,50,walking
1783066751278587600,1.6537333,-1.383714704057574,0.8604431096255779,0.5304901475086808,0.3509692251682281,0.0529921613633632,-0.2163309752941131,1.9448554258957504,-9.429289682281016,-1.8645092388965188,50,walking
1783066751298511600,1.6736573,-1.414458948019892,0.4652168803483247,0.337312384968996,0.4045527279376983,-0.0400562919676303,-0.2123227715492248,1.985176768759638,-9.434644487312436,-1.793585544759035,50,walking
1783066751318435300,1.693581,-1.491664352775365,-0.0994657518804073,0.4281050010502338,0.4625768065452575,-0.0697645246982574,-0.1855486929416656,2.021530961558222,-9.441727139049767,-1.7139410762883722,50,walking
1783066751338360600,1.7135063,-1.60433854579702,-0.602486585444212,0.5435961511887609,0.4658422172069549,-0.0907313227653503,-0.1120666489005088,2.046517518776655,-9.45136415144503,-1.629067036601156,50,walking
1783066751358284500,1.7334302,-1.6707966388277709,-0.8091302710175514,0.5070762464344502,0.4426818192005157,-0.0896541997790336,-0.031733438372612,2.057310423208773,-9.46289267667532,-1.546459334410727,50,walking
1783066751378209300,1.753355,-1.5675896545924246,-1.0514432358652352,0.3268697552792727,0.3081399202346802,-0.212077111005783,0.0541997626423835,2.051069044601172,-9.474964807263015,-1.4793785794369876,50,walking
1783066751398133500,1.7732792,-1.6366810187362133,-1.1749082874923944,0.2095879223316907,0.1009848415851593,-0.3549737334251404,0.1391582936048507,2.0237933535322545,-9.48482569154203,-1.4535250301256777,50,walking
1783066751418058500,1.7932042,-1.8336903222627936,-1.312018418112397,0.0524023874104023,0.0268416106700897,-0.4073624014854431,0.1494674682617187,1.98437553537935,-9.49226548615396,-1.4592951379597183,50,walking
1783066751437982500,1.8131282,-1.713225329234451,-1.5632225454241035,-0.4082762649863958,0.0976457595825195,-0.4837499558925628,0.150355726480484,1.943966368101537,-9.49948491601348,-1.4666829101234673,50,walking
1783066751457907500,1.8330532,-1.1476980628751217,-1.9159458500146864,-0.8254226496487855,0.2060964852571487,-0.6015599370002747,0.2091180682182312,1.8952875312589108,-9.510531210684777,-1.4587950794830915,50,walking
1783066751477831400,1.8529771,-0.6120062550701201,-2.227131860080361,-0.6472505869306624,0.3125614523887634,-0.6425654888153076,0.3326079845428467,1.8260161343730985,-9.528100185123083,-1.4322634847797453,50,walking
1783066751497756400,1.8729021,-0.4816587504528463,-2.0288193650007247,-1.0352071174658837,0.4380565583705902,-0.8161616921424866,0.3745494484901428,1.7363700579784809,-9.551486321407555,-1.3872760498009622,50,walking
1783066751517680400,1.8928261,-0.6776213214054704,-1.6288316204100846,-1.1531664112836122,0.6450324654579163,-0.8952093124389648,0.3034289181232452,1.6478713980533182,-9.577378887555003,-1.314806587526202,50,walking
1783066751537605600,1.9127513,-0.8159041490666568,-1.3934557613492011,-1.0274041886299847,0.8360303640365601,-0.9110056161880492,0.2149969041347503,1.5748659292057157,-9.604608839786051,-1.200699585222453,50,walking
1783066751557529300,1.932675,-0.6666327482707798,-1.2877449775993823,-1.059375782430172,0.842147171497345,-0.9515685439109802,0.1154638528823852,1.5228592631146312,-9.628916767090558,-1.0654781909584998,50,walking
1783066751577454600,1.9526003,0.0210366505488753,-1.364217976427078,-1.1443955872636289,0.7516189813613892,-1.0517796277999878,0.1155709773302078,1.4828209749758243,-9.648061612543463,-0.9415524630170315,50,walking
1783066751597378600,1.9725243,0.689376933389902,-0.9853782338052988,-1.5254548325657844,0.6886299252510071,-1.259891152381897,0.1333420723676681,1.4368237784326077,-9.66462930098474,-0.8371730740014464,50,walking
1783066751617303300,1.992449,0.4101213083311915,-0.4040834894716739,-1.45231287785694,0.6755157113075256,-1.295690417289734,0.0044802585616707,1.4012415929198263,-9.677449035069346,-0.7442172885369509,50,walking
1783066751637227500,2.0123732,0.4188844605013728,-0.2739116336822509,-1.31837275557518,0.7633501887321472,-1.166032075881958,-0.0777180045843124,1.3936756877101957,-9.685967272567748,-0.6403831853792071,50,walking
1783066751657152500,2.0322982,0.7147498595774173,0.0426847109943628,-1.7025485985279083,0.8730515837669373,-1.1806640625,-0.0897426158189773,1.3970854961536825,-9.692963415065408,-0.514781560114771,50,walking
1783066751677076500,2.0522222,1.062505312627554,0.3329249636650085,-2.089691474592686,0.9404029250144958,-1.2771457433700562,-0.0020680062007158,1.3969383427679538,-9.699491940051317,-0.3725952587416395,50,walking
1783066751697001500,2.0721472,1.3231906772509217,0.546737810215354,-1.9518881010115143,0.9732985496520996,-1.311806559562683,0.1205548197031021,1.3777679244823753,-9.706803139847516,-0.2238427672533318,50,walking
1783066751716925400,2.0920711,1.0336661716341973,1.0433148744672536,-1.632068702635169,1.0157248973846436,-1.1943690776824951,0.2142404466867447,1.340633687222004,-9.714365099534392,-0.0648220664938678,50,walking
1783066751736850400,2.1119961,0.4930576579540968,1.5227601866543292,-1.6216121905505656,0.9737122654914856,-1.1288466453552246,0.2084991335868835,1.298703155595809,-9.719759652054307,0.1002470749838277,50,walking
1783066751756774400,2.1319201,0.2240694521486759,1.761072683688998,-1.652831504678726,0.7418389916419983,-1.1937406063079834,0.1655816733837127,1.2660219522215426,-9.721644735148548,0.2392057378136552,50,walking
1783066751776699600,2.1518453,0.0394515742920339,1.876658964765072,-1.5891595352351664,0.4465403854846954,-1.2912957668304443,0.0705558508634567,1.2492274692870675,-9.721409757348894,0.3224771828761324,50,walking
1783066751796623400,2.1717691,-0.1679929062701761,1.8547253653764724,-1.3735691576182842,0.2172543108463287,-1.2541263103485107,-0.0554261617362499,1.2567559650957585,-9.719377374738457,0.3530402981178834,50,walking
1783066751816548400,2.1916941,-0.0897565510317683,1.485809050875902,-1.291938337635994,0.1110481917858123,-1.1313081979751587,-0.129275843501091,1.2846129631839691,-9.715727620059251,0.3532618319140747,50,walking
1783066751836472600,2.2116183,0.0777452107205986,1.162670737209916,-1.7761457496583462,-0.0009130106773227,-1.1701494455337524,-0.194407969713211,1.3222642100557684,-9.711317402401566,0.3351350774625316,50,walking
1783066751856397300,2.231543,-0.0188446934625506,1.0630302132844924,-2.06239897851944,-0.1052944436669349,-1.2297677993774414,-0.3215315639972687,1.38069667141065,-9.704602999454735,0.2911390646738931,50,walking
1783066751876321500,2.2514672,0.0890371507160365,0.5900678333759307,-1.9340590143322944,-0.153619110584259,-1.205108404159546,-0.3446201980113983,1.4529785021588206,-9.695666828805209,0.2308842284637503,50,walking
1783066751896246500,2.2713922,0.335377471383661,0.2314315053492784,-2.0307330896675584,-0.1511648297309875,-1.2111278772354126,-0.2812354862689972,1.5190813520111142,-9.686883218368887,0.1646028985057026,50,walking
1783066751916170200,2.2913159,0.362455447923392,0.2921522237718105,-2.1173253314495084,-0.0975557416677475,-1.2437303066253662,-0.1831104159355163,1.5669716688245534,-9.680116208451986,0.1017063338814303,50,walking
1783066751936095500,2.3112412,0.140749217774719,0.5503618459314108,-2.0736358273267745,-0.0092671113088727,-1.2870538234710691,-0.1342736631631851,1.5981892293870448,-9.675412560805675,0.050684852035949,50,walking
1783066751956019500,2.3311652,-0.1745434969574213,0.8907780421346425,-1.9435317760765551,0.1153382956981659,-1.3024252653121948,-0.1417310386896133,1.624980644070357,-9.671062548902633,0.018742758324882,50,walking
1783066751975947800,2.3510935,-0.5279042226687073,0.962630395424366,-1.8004256199121471,0.2331214249134063,-1.286108374595642,-0.1937061846256256,1.6575183473207056,-9.665552845570444,0.0100112502518459,50,walking
1783066751995871700,2.3710174,-0.5738238239310681,0.5927402674555778,-1.5189292301893234,0.2452694475650787,-1.2518188953399658,-0.214085966348648,1.6979015033744274,-9.6585333221972,0.0150717542200291,50,walking
1783066752015797000,2.3909427,-0.3828391875214874,0.1491658945947885,-1.2467875287890433,0.2124737948179245,-1.1817582845687866,-0.1636959910392761,1.7360121844515204,-9.651752283754943,0.0179630940306524,50,walking
1783066752035720700,2.4108664,-0.1436044610753655,-0.20091712462008,-1.1494435913681984,0.1780071705579757,-1.151099443435669,-0.0728912502527237,1.7587927560582757,-9.647632573476432,0.0153395143362111,50,walking
1783066752055644700,2.4307904,-0.1958560418382287,-0.1577379081070423,-1.0446189428031445,0.1211898848414421,-1.1116713285446167,0.0052764033898711,1.7649558087326584,-9.646517305710912,0.0043378822176033,50,walking
1783066752075570000,2.4507157,-0.4075143407031893,0.0436252067148685,-0.831893306967616,0.0512657575309276,-1.0453566312789917,0.0548066161572933,1.7585921189196407,-9.647665891224143,-0.0168510251525032,50,walking
1783066752095494000,2.4706397,-0.5190338107317686,0.2270598661363124,-0.8079846081137657,0.0330325476825237,-0.9969307780265808,0.0732178688049316,1.7450148444660007,-9.650040219140052,-0.045249081589654,50,walking
1783066752115419000,2.4905647,-0.7616624173998833,0.4525409386485814,-0.7849041767776012,0.0810738578438758,-0.9179794788360596,0.0427077896893024,1.7319126401782037,-9.652259648755193,-0.0687784074707888,50,walking
1783066752135342800,2.5104885,-0.9191549724437296,0.5087462254732847,-0.645579292717576,0.2132206857204437,-0.7731558084487915,0.0129993325099349,1.726300060993433,-9.653249244314432,-0.0710348994269967,50,walking
1783066752155267800,2.5304135,-0.7827901072330773,0.234248316335678,-0.5314724365442991,0.3258843719959259,-0.6660439968109131,0.0559771880507469,1.7192222315616903,-9.654683076509832,-0.0417894061224535,50,walking
1783066752175191800,2.5503375,-0.75833005810678,-0.0132610481113195,-0.4838970308989286,0.309320330619812,-0.6154900193214417,0.1027784869074821,1.7037405847914515,-9.657517423152925,-0.0010784523763901,50,walking
1783066752195116800,2.5702625,-0.8989297844082117,-0.3214315097481012,-0.3660965809047222,0.2420955449342727,-0.534572184085846,0.1456023901700973,1.6798884384304285,-9.66164122508466,0.0324040988993598,50,walking
1783066752215041000,2.5901867,-1.0514658860884607,-0.5058025732368231,-0.2709633052706718,0.1154208332300186,-0.466698557138443,0.1835100650787353,1.6482205037519335,-9.667010643163325,0.0515938338067615,50,walking
1783066752234965800,2.6101115,-1.09444607289806,-0.6339139893651008,-0.5101940861940384,-0.0975856631994247,-0.5219402313232422,0.1983027905225753,1.6114437016271057,-9.673272626167536,0.0376385289541212,50,walking
1783066752254889700,2.6300354,-1.1844150976367294,-0.8239373795270919,-0.6089332773655652,-0.2570308744907379,-0.5586817264556885,0.2147738933563232,1.5716772161670027,-9.679874216389656,-0.0156544997111603,50,walking
1783066752274814700,2.6499604,-1.1546765235856176,-1.0121744707942009,-0.8956237286001444,-0.3059409558773041,-0.5944905281066895,0.2307916134595871,1.5280226372271777,-9.686466454261542,-0.0889917041391134,50,walking
1783066752294738700,2.6698844,-1.0188147855915128,-1.1424228989511729,-1.2937661375850438,-0.2978856563568115,-0.7106534242630005,0.2542351484298706,1.4792496923603116,-9.692986795940994,-0.1680434126147069,50,walking
1783066752314664000,2.6898097,-0.9915031464263796,-0.998727544721961,-1.491627966287732,-0.2045944333076477,-0.7971993088722229,0.2435603886842727,1.4269485733672975,-9.699313660874962,-0.2398291121426969,50,walking
1783066752334588000,2.7097337,-1.2519830516055226,-0.7204875264465809,-1.5209604437559845,-0.0629475563764572,-0.8355981111526489,0.1197537630796432,1.3853101565554735,-9.70401613947749,-0.2887568091798573,50,walking
1783066752354513000,2.7296587,-1.5142733672074973,-0.7765718172401189,-1.7001719325244429,0.0746368765830993,-0.8721609711647034,-0.0939719006419181,1.377055684559792,-9.704494862905143,-0.311256810279563,50,walking
1783066752374436900,2.7495826,-1.044289564718306,-1.303338852572441,-1.872117229682207,0.245251178741455,-0.884651780128479,-0.1852950304746627,1.4017736539699135,-9.701160165524485,-0.3048108307442627,50,walking
1783066752394361900,2.7695076,0.115034346281737,-2.008271667012572,-2.086156870725751,0.3969154357910156,-0.9589340686798096,-0.0167222470045089,1.4196490640088917,-9.69967372635901,-0.2670443965275771,50,walking
1783066752414285800,2.7894315,1.05837698065117,-2.1376818907797337,-2.427676644256711,0.4477744102478027,-1.1906903982162476,0.2878330945968628,1.3881976946905257,-9.705534727346896,-0.2141751222577877,50,walking
1783066752434210800,2.8093565,1.1865167460910977,-1.3307827398151155,-2.368626489394903,0.4474348425865173,-1.4175902605056765,0.5019785761833191,1.3043508060939608,-9.718158646598456,-0.1626426678160205,50,walking
1783066752454135000,2.8292807,0.8899784161895513,-0.056983285459876,-2.100869286689162,0.4392545819282532,-1.5936919450759888,0.5761867761611938,1.1937249969694763,-9.73305518695712,-0.1140664602308068,50,walking
1783066752474059800,2.8492055,0.6756593006175011,0.9480728777617216,-1.9511083488106729,0.4439408779144287,-1.752830982208252,0.5566664934158325,1.0800386312305927,-9.74676339431405,-0.0670541272617178,50,walking
1783066752493983700,2.8691294,0.6120472446676344,1.6233809537887571,-1.88262985586822,0.5540226697921753,-1.8362568616867063,0.4686918556690216,0.9772538179300724,-9.757831900817155,-0.0099869663356046,50,walking
1783066752513908700,2.8890544,0.5789746308229863,2.1030109748929737,-1.6225918492376803,0.7713983654975891,-1.7637704610824585,0.3576913475990295,0.8982480126891285,-9.76505717589557,0.0850657993996515,50,walking
1783066752533832700,2.9089784,0.6695902098368853,2.01284438175559,-1.40740829885602,0.8977688550949097,-1.6772855520248413,0.2174269706010818,0.846986831203103,-9.767512752354143,0.2206323903720825,50,walking
1783066752553758000,2.9289037,0.7359191235300153,1.6333534817487,-1.330640700995922,0.8698397278785706,-1.6355891227722168,0.0476843528449535,0.8310859361074865,-9.764511232450603,0.3660774378128349,50,walking
1783066752573682000,2.9488277,0.8021020528811961,1.1424211453855038,-1.171747777634859,0.7365015149116516,-1.503704071044922,-0.0563352964818477,0.8461561525326222,-9.75735668452084,0.4983784511180594,50,walking
1783066752593607000,2.9687527,0.9557980651862918,0.6473346119523048,-1.004117421066761,0.4422039091587066,-1.4187716245651243,-0.1331414580345153,0.8807042457573115,-9.749191498243809,0.5899206799902021,50,walking
1783066752613531000,2.9886767,1.0918931735448538,0.2616758369654416,-1.0102852229814976,0.0495464354753494,-1.422969937324524,-0.1641403436660766,0.9273166515894232,-9.74346376824677,0.6126988039115443,50,walking
1783066752633455900,3.0086016,1.1120735725905746,0.0357616337329149,-1.2655740623235705,-0.291715532541275,-1.4900120496749878,-0.1715616732835769,0.9765679545577616,-9.741853994962572,0.5594339544529094,50,walking
1783066752653379800,3.0285255,1.0083245173677802,0.1388473296761512,-1.4780793334066866,-0.4458342492580414,-1.5083200931549072,-0.1803878098726272,1.026746820699796,-9.74213982616663,0.4548575450278818,50,walking
1783066752673304800,3.0484505,0.8132028542187064,0.562381369549036,-1.3884358873605729,-0.4420681893825531,-1.4842793941497805,-0.1719100177288055,1.0726797198351472,-9.742049225273728,0.3349878144789487,50,walking
1783066752693229000,3.0683747,0.5449014616336674,1.1453759035378694,-1.319513742303848,-0.3746200799942016,-1.471034049987793,-0.1910130679607391,1.1156270272884516,-9.740410225895047,0.2240171009069308,50,walking
1783066752713152800,3.0882985,0.1660739209063351,1.541266734203696,-1.2038824530422687,-0.3523478507995605,-1.492989182472229,-0.2607537806034088,1.163605753037706,-9.73661901691854,0.1211044691088143,50,walking
1783066752733077800,3.1082235,-0.1006410792700946,1.6537071184694767,-1.0624480294823646,-0.3150810599327087,-1.4921659231185913,-0.3299012780189514,1.2227733967993408,-9.730096921673416,0.0203722089905058,50,walking
1783066752753002000,3.1281477,-0.2817546022675931,1.6831319503962994,-0.9456640630543232,-0.2426232099533081,-1.4803719520568848,-0.3912562429904938,1.2919580652497709,-9.720915836352107,-0.070973775790329,50,walking
1783066752772926700,3.1480724,-0.3781912155851721,1.374395671570301,-0.5969914951592683,-0.1762847900390625,-1.4474252462387085,-0.4198794960975647,1.3675950516447424,-9.709659113800525,-0.1502987619490828,50,walking
1783066752792850700,3.1679964,-0.4130971092715859,1.1928402500241997,-0.4476262786000967,-0.0846948325634002,-1.4473905563354492,-0.4229486584663391,1.4439504154421388,-9.697343237584828,-0.2166151540873572,50,walking
1783066752812776000,3.1879217,-0.614816928576678,1.002084453934431,-0.3097878337055444,-0.0638939216732978,-1.4255131483078003,-0.4541680216789245,1.520722981738299,-9.684207861679791,-0.2718537330380641,50,walking
1783066752832699600,3.2078453,-0.8709849619060754,0.6575976472914219,-0.0942091099938377,-0.1444373428821563,-1.4294846057891846,-0.4936765730381012,1.6040594365946947,-9.668773561182618,-0.3349513549260794,50,walking
1783066752852625000,3.2277707,-0.8070426510885358,0.1431762987911701,0.0792190826654434,-0.2062645703554153,-1.3879085779190063,-0.4747501015663147,1.6879590782918037,-9.651299279290438,-0.4166516234153881,50,walking
1783066752872548900,3.2476946,-0.6106294137589633,-0.3036801644802093,0.0787117176651954,-0.2079859972000122,-1.3914772272109983,-0.3959362804889679,1.7584994722001253,-9.634501289224623,-0.5044305907638743,50,walking
1783066752892473900,3.2676196,-0.5842069785185158,-0.3075017685949802,-0.1093815812170505,-0.1723540425300598,-1.4552992582321167,-0.3565466701984405,1.8140784438200293,-9.619157589620352,-0.5927185305478051,50,walking
1783066752912397800,3.2875435,-0.8241374321438372,-0.3136117759078741,0.1455699889946728,-0.1145497411489486,-1.4330917596817017,-0.3538368642330169,1.8635200817286968,-9.604368016767502,-0.6736414579890668,50,walking
1783066752932322800,3.3074685,-0.8923856234617531,-0.5073024564057588,0.1935029759060591,-0.0725345835089683,-1.407917857170105,-0.37335404753685,1.91246546055302,-9.589496026328206,-0.7446179052270948,50,walking
1783066752952246800,3.3273925,-0.8214131217464804,-0.7676374001562595,0.1817893033672124,-0.020740570500493,-1.3915140628814695,-0.3878913521766662,1.9638960803218184,-9.573965864241124,-0.8078731105633079,50,walking
1783066752972167400,3.3473131,-0.5769910557903349,-0.950474093684554,0.0333884748607873,0.0742762982845306,-1.4013420343399048,-0.3870879113674164,2.014559515110403,-9.559023731175063,-0.8584900758616626,50,walking
1783066752992091400,3.3672371,-0.2998004004374146,-1.2366805607944726,-0.0405810167133808,0.1608172953128814,-1.4327569007873535,-0.3725713193416595,2.062232097519934,-9.545756253322958,-0.892259805124998,50,walking
1783066753012016600,3.3871623,0.2328891568116843,-1.379466398963332,-0.3013449995309114,0.2854026257991791,-1.513432264328003,-0.2764410674571991,2.100110723406821,-9.535549332085251,-0.9128147365715354,50,walking
1783066753031940400,3.4070861,0.6455290238350629,-1.4253174650341272,-0.0268050048172473,0.4889791905879974,-1.4198917150497437,-0.082889899611473,2.106605930645019,-9.535188097557423,-0.9015469811692832,50,walking
1783066753051865600,3.4270113,0.2245151500895619,-0.5588368288099765,0.2285487164545804,0.6013967394828796,-1.32781982421875,-0.040601197630167,2.091425751039386,-9.543047578886153,-0.8523880326595157,50,walking
1783066753071789600,3.4469353,-0.2409701719366014,0.057324646243453,0.1309223818957805,0.5644389986991882,-1.3390874862670898,-0.1948514878749847,2.088844940765947,-9.548538577517869,-0.7953134887196123,50,walking
1783066753091714300,3.46686,-0.4311259563066065,0.1718418367832899,0.2066232273072004,0.5144664645195007,-1.2701553106307983,-0.3770406246185303,2.1244249343216417,-9.544393148276209,-0.7495079422909766,50,walking
1783066753111638500,3.4867842,-0.0604766805335879,-0.3551058158129453,0.3104361415464431,0.5805119276046753,-1.08969247341156,-0.3775371015071869,2.1820386266395446,-9.535340657770632,-0.6973989118039607,50,walking
1783066753131563500,3.5067092,0.6854220582842826,-1.2906968131422996,-0.1430634860664606,0.6171131730079651,-1.0130211114883425,-0.1847189366817474,2.223233829728514,-9.530645777952673,-0.6280187938466668,50,walking
1783066753151487200,3.5266329,0.615980711659044,-1.1938602407217025,-0.2364875831624492,0.5219586491584778,-1.0085046291351318,-0.0357584096491336,2.2299768742479382,-9.533210075482726,-0.5616796144878491,50,walking
1783066753171412500,3.5465582,-0.1051907053984701,-0.6097837567150592,-0.226284790110588,0.3148047029972076,-1.0037835836410522,-0.0237537641078233,2.2230115652799607,-9.536842879027128,-0.5265417021438479,50,walking
1783066753191336400,3.5664821,-0.5015250420480967,-0.2930512184381484,-0.2484434304267168,0.134022831916809,-0.9379233121871948,-0.0128867626190185,2.2163719811350107,-9.538288986182213,-0.528325188027136,50,walking
1783066753211261400,3.5864071,-0.6426702734030783,0.0248591314464807,-0.605520838573575,0.0773819088935852,-0.9019771814346312,-0.0129909887909889,2.2087774343527853,-9.53881797849238,-0.5501305579261854,50,walking
1783066753231185400,3.6063311,-0.6556807077541947,0.2858767967641353,-1.0986287654101847,0.096291683614254,-0.9264044761657716,0.0150398463010787,2.199192590536177,-9.5396158508718,-0.574170335813798,50,walking
1783066753251110700,3.6262564,-0.6825792360737919,0.585693856075406,-1.2906253553412854,0.1815556436777115,-0.9293623566627502,0.0521318055689334,2.181498674543947,-9.542699788361787,-0.5901698689782992,50,walking
1783066753271034400,3.6461801,-0.944730727726966,0.7589391299158335,-1.1372107172608374,0.3006224632263183,-0.835453987121582,0.0581666231155395,2.159638140391558,-9.548202477431296,-0.5815265437955036,50,walking
1783066753290959400,3.6661051,-1.247086511735618,0.8438654843121767,-1.2461439701884984,0.2985502481460571,-0.8394441604614258,-0.0087729776278138,2.144163946275413,-9.553073298338054,-0.5583356743548065,50,walking
1783066753310883600,3.6860293,-1.4494073656737805,0.6878080766379833,-1.3635779249578714,0.2301764190196991,-0.8591572046279907,-0.103343941271305,2.1458207735717294,-9.553536239674688,-0.543852281374298,50,walking
1783066753330807600,3.7059533,-1.3301245681673288,0.2137842049777507,-1.4907248799681665,0.1559108793735504,-0.8986029624938965,-0.148617684841156,2.1606129767730837,-9.550122631838915,-0.5452446855807677,50,walking
1783066753350732500,3.7258782,-1.2506615937434136,-0.0555693270087242,-1.603599563997984,0.1496711075305938,-0.8775044679641724,-0.1968535482883453,2.183801690789312,-9.54413186699152,-0.5576162375064566,50,walking
1783066753370656500,3.7458022,-1.1632361160077154,-0.5250146387070417,-1.626287781146169,0.2347930520772934,-0.7865080833435059,-0.2113160341978073,2.214440136289596,-9.537066166388987,-0.557673557184264,50,walking
1783066753390581200,3.7657269,-0.8709903687335551,-0.9927046311706303,-2.025871036589145,0.2809364199638366,-0.85760098695755,-0.1950607001781463,2.244364003779739,-9.530857959398627,-0.5440050973158329,50,walking
1783066753410505500,3.7856512,-0.6720395757503808,-1.2199936298877,-2.0950462796241043,0.3064073324203491,-0.9200040698051452,-0.1344007551670074,2.2670267942257225,-9.526380521723627,-0.5282504788231104,50,walking
1783066753430430500,3.8055762,-0.4550065981097519,-1.3378595463335514,-1.7386755584418772,0.2991405129432678,-0.9104503393173218,-0.0026636307593435,2.271307832545787,-9.52627881491482,-0.5114252354241907,50,walking
1783066753450354700,3.8255004,-0.4369594847656786,-0.9800526548683642,-1.6267057142972945,0.2038833796977996,-1.0222474336624146,0.1182660385966301,2.249369995373488,-9.53183937165141,-0.5047323136568069,50,walking
1783066753470279400,3.8454251,-0.7564113650038838,-0.1319224988490343,-1.527819223609567,0.1127684563398361,-1.1378105878829956,0.1421070545911789,2.2129836538709697,-9.539305469748378,-0.5241612732807174,50,walking
1783066753490203400,3.8653491,-1.0775845160767434,0.5301122541069984,-1.13241296159029,0.1342875212430954,-1.1188338994979858,0.1489483714103698,2.1723330790527164,-9.547124619066716,-0.5511597913760692,50,walking
1783066753510128400,3.8852741,-1.24316188563779,1.0909200907289982,-1.1564256322752684,0.2043617516756057,-1.136716604232788,0.1215303540229797,2.133505189616978,-9.554870703148842,-0.5682972790619358,50,walking
1783066753530052400,3.9051981,-1.3264451490022242,1.4594611421763897,-1.0849695848267524,0.3785606324672699,-1.1061230897903442,0.0920132175087928,2.1002209057830274,-9.562635491931438,-0.5616423512173816,50,walking
1783066753549977600,3.9251233,-1.4266320547640323,1.6255302407771348,-0.8292594513326883,0.603062629699707,-1.0239495038986206,0.0588568449020385,2.0739643286287786,-9.57113619377315,-0.5122417394388467,50,walking
1783066753569901600,3.9450473,-1.4003862912647425,1.5251204860448837,-0.6944540905237198,0.7949332594871521,-0.9534109830856324,0.0211581084877252,2.056996096562594,-9.579364508414267,-0.4182511675665155,50,walking
1783066753589826600,3.9649723,-1.3357659350551665,1.1263923861265182,-0.3538374033123254,0.8666999936103821,-0.8104963302612305,-0.0081043830141425,2.049088392177969,-9.585705401873588,-0.2930459760074503,50,walking
1783066753609750500,3.9848962,-1.1582777629479766,0.4327525345951318,-0.0896820062245242,0.7519134879112244,-0.7059124112129211,0.0021430077031254,2.0475738959617917,-9.5890769241333,-0.1655999467190355,50,walking
1783066753629675300,4.004821,-0.7628262004822493,-0.3602700667083263,0.0959136214899364,0.4282459318637848,-0.6738355159759521,0.0815337523818016,2.03773843838498,-9.592275427913664,-0.0790041612731292,50,walking
1783066753649599500,4.0247452,-0.5717642610527575,-0.7343114691376685,0.2051765356302261,0.1174959242343902,-0.6750133633613586,0.1675689369440078,2.012774239128828,-9.597716157662868,-0.0546413482764968,50,walking
1783066753669524500,4.0446702,-0.7283306411623954,-0.6070213062644004,-0.1311988698827568,-0.0478156432509422,-0.6799415946006775,0.1652626544237136,1.9784034752324224,-9.604698856157064,-0.0779942809776868,50,walking
1783066753689448400,4.0645941,-0.9373458781726658,-0.4394546625822782,-0.3214379394888877,-0.0170659907162189,-0.6081384420394897,0.1305384486913681,1.949045717192441,-9.61035644352734,-0.112510928751342,50,walking
1783066753709373400,4.0845191,-0.7071427455745637,-0.4658844043463468,-0.4734457795113325,0.1321256309747696,-0.501012921333313,0.1540462672710418,1.9213021163508293,-9.615798342320325,-0.1240571631682571,50,walking
1783066753729297400,4.1044431,-0.5196458051502705,-0.6431552804410458,-0.5719464857518672,0.2868992686271667,-0.4087913334369659,0.2010599821805954,1.8861361104235053,-9.623030631661416,-0.1006744152841158,50,walking
1783066753749222400,4.1243681,-0.5287688766740262,-0.7475760243803262,-0.3938087636947631,0.3233183324337005,-0.3160682916641235,0.2287735044956207,1.8439337761186063,-9.631587447604536,-0.0531588729000883,50,walking
1783066753769146400,4.1442921,-0.5209243006534874,-0.7858218761444091,-0.1903653354674577,0.2131997942924499,-0.2656860947608948,0.2542357742786407,1.7976323359318076,-9.640476271981,-0.0099993668761628,50,walking
1783066753789071600,4.1642173,-0.5607980458803474,-0.709595545554161,-0.1430675777196884,0.0258572250604629,-0.2965612411499023,0.2789813280105591,1.74517953350842,-9.650115037941932,0.0042036645182059,50,walking
1783066753808995600,4.1841413,-0.7815517976097762,-0.4534270738333463,-0.2186725615411996,-0.1426780074834823,-0.3449961543083191,0.2405905723571777,1.6938921216025948,-9.659231825855374,-0.0191014766686363,50,walking
1783066753828919300,4.204065,-0.9955784330412744,-0.2943272297233343,-0.2918991257935762,-0.2354474812746048,-0.3328466713428497,0.131071388721466,1.6578746134124696,-9.665253570362925,-0.06872738053645,50,walking
1783066753848844500,4.2239902,-0.8087469707883894,-0.606923106586933,-0.3275122909665107,-0.2688515484333038,-0.2737700343132019,0.1089954525232315,1.6359434982419012,-9.668391283866764,-0.1275360913251992,50,walking
1783066753868768500,4.2439142,-0.5285213316537439,-0.6248714357316494,-0.5407441227585077,-0.2755291759967804,-0.3053292334079742,0.1155109107494354,1.6129450461007653,-9.671241997122763,-0.1893377277190797,50,walking
1783066753888693500,4.2638392,-0.7649933153882622,-0.4908493342548608,-0.52128425653968,-0.2846338450908661,-0.3359579443931579,0.0375895835459232,1.5953323786512017,-9.67268751975596,-0.2538390789251774,50,walking
1783066753908617500,4.2837632,-1.1147957640960813,-0.3674462419480085,-0.6548357813626527,-0.2845596969127655,-0.3966223895549774,-0.1154504045844078,1.5999211677461862,-9.669944943049549,-0.3206519402103498,50,walking
1783066753928542500,4.3036882,-1.042764254847169,-0.6498404572933912,-0.6308779826700687,-0.2704932391643524,-0.4213781952857971,-0.1970350295305252,1.6293436615854502,-9.662583474370836,-0.3874055090563371,50,walking
1783066753948466400,4.3236121,-0.5718870106495917,-0.8661761003196239,-0.7231792497485876,-0.191972479224205,-0.4599429070949554,-0.1450032144784927,1.6602011566638946,-9.654694766947626,-0.4483336962170898,50,walking
1783066753968391400,4.3435371,-0.2233458140492439,-1.0032225180536507,-0.8288315813094377,-0.0707020834088325,-0.5471854209899902,-0.0236738957464694,1.6716883269704876,-9.65067559443414,-0.4902238593002781,50,walking
1783066753988315600,4.3634613,-0.0490124527111649,-0.8048924873173237,-0.94688914786987,0.0461473949253559,-0.6610488891601562,0.0968420207500457,1.6583647350169717,-9.65178209437132,-0.5131246597532183,50,walking
1783066754008240400,4.3833861,0.1246362873636186,-0.5076046542227268,-0.7599614587008953,0.1820031553506851,-0.7327086925506592,0.2487328350543975,1.6186417964376507,-9.658474870008227,-0.5140528805140405,50,walking
1783066754028164600,4.4033103,0.2478423957936465,0.0383352836132049,-0.5113139570694416,0.285847395658493,-0.8050315380096436,0.3754006922245025,1.5491552954964338,-9.670955581396818,-0.49305393162705,50,walking
1783066754048089600,4.4232353,0.1857077189199626,0.5558499219536781,-0.2072082971861585,0.3673265278339386,-0.7996755242347717,0.4331821501255035,1.4628499078318475,-9.686286421519515,-0.4541898748993873,50,walking
1783066754068013300,4.443159,0.2072152018509805,0.9232371271908284,0.0097223160585388,0.4567689299583435,-0.7641119956970215,0.4547082185745239,1.3692169537581502,-9.702476508820055,-0.3969843980561942,50,walking
1783066754087938600,4.4630843,0.1488841550439596,1.3092816866248844,0.1327384914070367,0.5832852125167847,-0.691504180431366,0.3981048762798309,1.2804542360693216,-9.717568279489877,-0.3157454269357025,50,walking
1783066754107862500,4.4830082,0.10196684798114,1.3141156826525926,0.3229717249274254,0.6614318490028381,-0.5437883138656616,0.3199134767055511,1.2078110977280885,-9.729734518101813,-0.2093970028694718,50,walking
1783066754127787500,4.5029332,0.232863730109483,1.0196686259418726,0.4840665422469377,0.6432488560676575,-0.412382036447525,0.2477239668369293,1.150834972661361,-9.738453246608376,-0.0921657219321932,50,walking
1783066754147711500,4.5228572,0.376390742034465,0.7920078713029622,0.4742904136419296,0.4912607073783874,-0.3110359907150268,0.1841389834880828,1.1086130568731576,-9.74377824102342,0.0123305589032417,50,walking
1783066754167636500,4.5427822,0.5149302478704602,0.4377741621494292,0.4468611394464969,0.1883222609758377,-0.2784295976161957,0.1124674975872039,1.0799072599358857,-9.74672890752256,0.0738782148278318,50,walking
1783066754187560400,4.5627061,0.6342747855015098,0.1589531291157007,0.400935254573822,-0.1405791640281677,-0.2748495042324066,0.0589818358421325,1.0641118710413575,-9.748477212494612,0.0722190859765745,50,walking
1783066754207485400,4.5826311,0.8330153698001056,-0.1604670408099889,0.1159165359437465,-0.3919455111026764,-0.3207650482654571,0.0470122843980789,1.054962496032566,-9.749732765513658,0.012622342640761,50,walking
1783066754227409700,4.6025554,0.9190410637404768,-0.2144856312453746,-0.3222071702957153,-0.4927303493022918,-0.3883829712867737,0.0914427116513252,1.041959587400779,-9.750780228739975,-0.0836100019676145,50,walking
1783066754247333600,4.6224793,0.7468103007048368,0.1434019242405891,-0.5928244386076927,-0.4435562491416931,-0.4513690769672394,0.1426964849233627,1.01651944119595,-9.75208137446642,-0.1843929282606579,50,walking
1783066754267258400,4.6424041,0.0814361741930246,0.8619710498452187,-0.686497578561306,-0.3558140397071838,-0.5291983485221863,0.049098677933216,0.9935601520214228,-9.752389417502284,-0.272230420863349,50,walking
1783066754287182600,4.6623283,-0.4452629835348576,1.3684072448104618,-0.6463602139621972,-0.2475004941225052,-0.5972045063972473,-0.0932297855615615,0.994732264540717,-9.750058344206211,-0.342445108214952,50,walking
1783066754307107300,4.682253,-0.3677218440189957,1.2268863120108842,-0.5749228346815333,-0.1207000166177749,-0.6472735404968262,-0.1270909309387207,1.013258612769097,-9.74635305994749,-0.3902398922320455,50,walking
1783066754327031600,4.7021773,-0.2404907909218221,0.9873942498028278,-0.4902835535982623,-0.0403688251972198,-0.7414254546165466,-0.1024493724107742,1.0298290046241134,-9.743439802849291,-0.4186151785733178,50,walking
1783066754346956500,4.7221022,-0.4408773157965391,0.8408984512001275,-0.3571124794602394,-0.0389438904821872,-0.8358384370803833,-0.1103206947445869,1.042719904248789,-9.741043847623468,-0.4418030888719484,50,walking
1783066754366880500,4.7420262,-0.7783842734895646,0.6893997297435999,-0.1585603304058313,-0.0845443829894065,-0.9130976796150208,-0.1690321117639541,1.061797602749616,-9.737537300807237,-0.4726110457202419,50,walking
1783066754386805500,4.7619512,-0.8579773770991712,0.418182741972804,-0.0455038235357031,-0.0962784588336944,-0.9408276081085204,-0.1978121995925903,1.0893171125117689,-9.732524441081283,-0.5115968656640499,50,walking
1783066754406729500,4.7818752,-0.8982605068445205,0.0883469764947891,-0.0122971349826082,-0.0579281263053417,-0.9666150212287904,-0.1894879639148712,1.11733010487929,-9.72740227576196,-0.5473476492093876,50,walking
1783066754426654500,4.8018002,-0.8565739400420337,-0.0637917964309453,-0.0892529123585671,-0.0326458774507045,-1.0602309703826904,-0.1533858180046081,1.1389401714019476,-9.723104870828983,-0.5782802188180387,50,walking
1783066754446578400,4.8217241,-0.9802180014979094,-0.133939099368453,-0.021941782695055,-0.0127468444406986,-1.1399983167648315,-0.1279861778020858,1.1536479842554777,-9.719547470608353,-0.6081823128677905,50,walking
1783066754466503700,4.8416494,-1.035921257084608,-0.1913835725992917,0.0077530252795666,0.0114476913586258,-1.2184202671051023,-0.095876008272171,1.1601205412704496,-9.717021167001128,-0.6356321183945983,50,walking
1783066754486427600,4.8615733,-1.1902999178916216,-0.1479553497612476,0.0542670853037387,0.0476851053535938,-1.2619611024856567,-0.0937854498624801,1.1618689193077385,-9.715256495416163,-0.6589524959664791,50,walking
1783066754506352400,4.8814981,-1.19607952420637,-0.0925847601950168,-0.0471429325122386,0.0950029194355011,-1.3340942859649658,-0.0930458903312683,1.1636083103209731,-9.713916771245,-0.675457202174142,50,walking
1783066754526276600,4.9014223,-1.073889899342507,-0.2276525713324546,-0.0509030887633562,0.1426784843206405,-1.4039396047592163,-0.0697803795337677,1.1606797825884074,-9.713671272051334,-0.6839670371703803,50,walking
1783066754546201300,4.921347,-1.148032628591731,-0.2209779158741235,-0.0141606272995471,0.1864341497421264,-1.4600197076797483,-0.0888479873538017,1.1556641463834791,-9.714210785755515,-0.6847968390580267,50,walking
1783066754566125300,4.941271,-1.2798702987015247,-0.2093254720032215,-0.0434486811041831,0.2249863296747207,-1.5183203220367432,-0.1493800282478332,1.1580652161758391,-9.714341134136914,-0.6788521783746778,50,walking
1783066754586050600,4.9611963,-1.21147765741162,-0.3370218775898217,0.0178489604234695,0.2853114604949951,-1.5396686792373655,-0.2112383395433426,1.1725720265645534,-9.713537416538596,-0.6653307988267392,50,walking
1783066754605974500,4.9811202,-0.9241773306503892,-0.7060936749130488,-0.0607500175822526,0.3541373312473297,-1.56384539604187,-0.2273930311203003,1.1962188596118242,-9.712425655904411,-0.6389554175984115,50,walking
1783066754625899500,5.0010452,-0.3309262641284614,-1.2294050168335438,-0.0645516748875379,0.3482140302658081,-1.6335656642913818,-0.1540853828191757,1.2145366065908223,-9.71209657008052,-0.6086676486993208,50,walking
1783066754645823500,5.0209692,0.1711337615791708,-1.5274965675264596,-0.0413145551523193,0.3117614090442657,-1.7283217906951904,-0.0314868129789829,1.2127144326649606,-9.713728555196523,-0.5858168248679488,50,walking
1783066754665747500,5.0408932,0.342466918187961,-1.3800257864117622,-0.084512476365827,0.3001383244991302,-1.8717613220214844,0.0666315481066703,1.1871288866400718,-9.717846511909364,-0.5697028715435415,50,walking
1783066754685672400,5.0608181,0.1377330117587,-0.7761305032134056,-0.1672311281174421,0.3561701476573944,-2.0185017585754395,0.0536254197359085,1.151694146773964,-9.72304232698679,-0.5535729899976403,50,walking
1783066754705596400,5.0807421,0.0208531837407499,-0.4389835379391908,-0.0488736287623643,0.5103726983070374,-2.016524076461792,0.0058596334420144,1.1244731085017323,-9.728293087121845,-0.5160084715612232,50,walking
1783066754725521700,5.1006674,0.0432280240908265,-0.2247305464059114,-0.1601928269784897,0.596740186214447,-1.9997831583023071,-0.0545407868921756,1.1086819573909044,-9.73335153955519,-0.4506278715688735,50,walking
1783066754745445400,5.1205911,0.0060669718887656,-0.1239946284592151,-0.3321434578984976,0.5284388065338135,-2.037683486938477,-0.1975779980421066,1.114868171745166,-9.735477445667982,-0.3846208102412521,50,walking
1783066754765370600,5.1405163,0.1914972621068358,-0.3736462656319141,-0.4700841941237449,0.4306747019290924,-2.043442487716675,-0.3204569816589355,1.1532958098169417,-9.732727854698895,-0.3381082115218043,50,walking
1783066754785294600,5.1604403,0.6822171247631311,-0.9560235445052384,-0.561885110464692,0.4438654780387878,-2.0426743030548096,-0.2937513887882232,1.2009721916187557,-9.728100194898246,-0.30346900594756,50,walking
1783066754805219300,5.180365,0.8415938861183822,-0.8254121282547712,-0.756881028342247,0.5449993014335632,-2.001054525375366,-0.2630639970302582,1.2427082966513932,-9.724187989890575,-0.2573627412729896,50,walking
1783066754825143600,5.2002893,0.9119288205824791,-0.4742886600762605,-0.8543535605788231,0.6031835675239563,-2.0019795894622803,-0.2233368158340454,1.2808604787826536,-9.720670337158442,-0.1958030695419758,50,walking
1783066754845068500,5.2202142,1.0040455248743294,0.1606377212017774,-0.7554109557896852,0.6702862977981567,-1.9643568992614744,-0.135612815618515,1.309800888193399,-9.717990888816118,-0.124308224453032,50,walking
1783066754864992500,5.2401382,0.9252433524467052,0.6767161892592907,-0.4840834933817386,0.6869955062866211,-1.8917673826217647,-0.0342167504131794,1.322911860309541,-9.716922382801773,-0.0414440358840394,50,walking
1783066754884917500,5.2600632,0.4603298389591276,1.3225240300357342,-0.6002350071251392,0.6086568236351013,-1.896439552307129,-0.0396753437817096,1.3276894499748944,-9.716294021770358,0.0350536452937638,50,walking
1783066754904841500,5.2799872,-0.2373240705192089,1.9633307015240191,-0.8031202169477939,0.5600793957710266,-1.897073745727539,-0.1823122650384903,1.350328421153873,-9.712762340512873,0.0960821464572567,50,walking
1783066754924766500,5.2999122,-0.5748639806337654,2.1345278106629846,-0.9670143095970152,0.6460922956466675,-1.8253148794174197,-0.3194271624088287,1.4034072465211151,-9.704394325140118,0.1598692941125482,50,walking
1783066754944690400,5.3198361,-0.6513361026786267,1.9742706132113927,-1.3172060498833655,0.8267765641212463,-1.7430267333984375,-0.3966017067432403,1.481974587279558,-9.690784317460656,0.2507393045452423,50,walking
1783066754964615700,5.3397614,-0.4077249147139489,1.2882003201514485,-1.526328108268976,0.9804725050926208,-1.6627449989318848,-0.3399460613727569,1.5647231592454016,-9.673743166288732,0.3751659129472449,50,walking
1783066754984540400,5.3596861,-0.2764762234732508,0.6838257290035485,-1.706736113345623,1.036644697189331,-1.6212669610977173,-0.2274963110685348,1.6338387810476125,-9.655646953105926,0.5190619773803279,50,walking
1783066755004464400,5.3796101,-0.626498452411592,0.308348740813136,-1.5744517954468726,0.9282957911491394,-1.5698078870773315,-0.2042504400014877,1.6919181911811232,-9.637207041051983,0.6573233603946864,50,walking
1783066755024389400,5.3995351,-1.0327357589162889,0.0732587129563093,-1.5435668278396129,0.7026700377464294,-1.5006736516952517,-0.2389509528875351,1.7565328483022749,-9.61789443781674,0.7623092639360577,50,walking
1783066755044313300,5.419459,-1.1244630254991352,-0.2433218496292829,-1.5197697726666926,0.3910688757896423,-1.4843183755874634,-0.2426425516605377,1.8271615050159395,-9.600439445146918,0.8145272346902638,50,walking
1783066755064238300,5.439384,-0.987535704100132,-0.7131207970708608,-1.7455156335949895,0.1148313209414482,-1.528955101966858,-0.2028171569108963,1.894040307676792,-9.588230536437036,0.8054925721023232,50,walking
1783066755084162600,5.4593083,-0.873111014149338,-0.8504068687796592,-2.2893688282847404,0.0279462859034538,-1.607873797416687,-0.1552403569221496,1.9533447295606132,-9.580381576502322,0.7557333926770836,50,walking
1783066755104087300,5.479233,-0.8167140041448175,-0.8474071024417876,-2.5531027668237685,0.1015941575169563,-1.640946388244629,-0.0934716910123825,2.0012454216375946,-9.574552724218368,0.7023849565882235,50,walking
1783066755124011300,5.499157,-0.8650555718570947,-0.6744616883307695,-2.5975977421104908,0.2075846940279007,-1.6574288606643677,-0.0375592708587646,2.0356706922002137,-9.569879471710324,0.6662250442527234,50,walking
1783066755143936500,5.5190822,-1.0808096156030893,-0.2278372802495956,-2.631918529385328,0.2474897056818008,-1.7226985692977903,-0.0617421120405197,2.0660237448878584,-9.565046060204503,0.6417385455109179,50,walking
1783066755163860200,5.5390059,-1.068781470287591,-0.2144546515852212,-2.6263082882881164,0.2319460809230804,-1.7965247631072998,-0.0797745510935783,2.103376301074028,-9.55867827873826,0.6147304924022406,50,walking
1783066755183785500,5.5589312,-0.5832695515379309,-0.5467635291785001,-2.3074726402521133,0.2080588489770889,-1.8446636199951167,0.0348852016031742,2.1305223744139075,-9.554821603310108,0.5802055973900482,50,walking
1783066755203709400,5.5788551,-0.4026411817088723,-0.4450818548142909,-1.9809259794473648,0.1829484701156616,-1.8552886247634888,0.1391672790050506,2.13409789481312,-9.556545942884682,0.5370728503672406,50,walking
1783066755223634400,5.5987801,-0.5798720180541277,-0.1288560970157384,-1.730598634970188,0.2391235679388046,-1.7927801609039309,0.1814679652452469,2.1214380274653437,-9.561374678215383,0.4999788720520213,50,walking
1783066755243558400,5.6187041,-0.8229407697051763,0.27492051846385,-1.740720216012001,0.2644990384578705,-1.804324984550476,0.1410106569528579,2.1071306851714846,-9.565919335907695,0.4728408724207431,50,walking
1783066755263483400,5.6386291,-0.9059177435994148,0.4453565801024436,-1.3056968138754368,0.2481184303760528,-1.7408761978149414,0.096007652580738,2.1010731386981902,-9.568461421605944,0.4476745016559958,50,walking
1783066755283407400,5.6585531,-0.8661432209633291,0.3636059331327677,-0.9300549905121326,0.182337686419487,-1.6684826612472534,0.0651361495256424,2.100504106638581,-9.569911035892368,0.4184440232574939,50,walking
1783066755303332400,5.6784781,-0.9208080003477632,0.1725356642663478,-0.599194558161497,0.040617324411869,-1.5702340602874756,0.0154341477900743,2.105638400787115,-9.570675006002189,0.37264326260183,50,walking
1783066755323256600,5.6984023,-0.7133380930833518,-0.1597849037647247,-0.4417032817592844,-0.1313136965036392,-1.5109308958053589,-0.0072264247573912,2.11574200778082,-9.571000584694742,0.2999968545912764,50,walking
1783066755343180500,5.7183262,-0.355121305643022,-0.6879816796392202,-0.6049872066209092,-0.3211454153060913,-1.54936420917511,-0.0034495296422392,2.124735169314593,-9.57176923097968,0.1925863359851762,50,walking
1783066755363105300,5.738251,0.0418999903574585,-0.9830851544320582,-0.694940412735939,-0.4118304550647735,-1.566037654876709,0.0528744645416736,2.1254510624989864,-9.573398878008126,0.0537428650668123,50,walking
1783066755383029500,5.7581752,0.2612438752889633,-1.0182751257568596,-0.5021931505680084,-0.3448300957679748,-1.4947391748428345,0.1613379120826721,2.1042273649454115,-9.577863456201554,-0.084685595309874,50,walking
1783066755402954200,5.7780999,0.2600054195351898,-0.6149976919710636,-0.5608206961035728,-0.2031683623790741,-1.451979160308838,0.2376220524311065,2.061323019850999,-9.58549965016842,-0.1988894547173753,50,walking
1783066755422878200,5.7980239,0.0840640384785831,-0.0333189167559146,-0.2509866851687431,-0.0047620609402656,-1.372543215751648,0.2673443257808685,2.005475460422784,-9.595411972373723,-0.2766355970197357,50,walking
1783066755442803500,5.8179492,-0.2513023269891739,0.5401905805289745,0.0752198204288259,0.1243608072400093,-1.292497634887695,0.2067809849977493,1.9505869552850723,-9.605535306981205,-0.3150886435274034,50,walking
1783066755462727400,5.8378731,-0.3622479426525533,0.6264104818671942,0.5015244575262069,0.0631578564643859,-1.243013858795166,0.1056368201971054,1.9127927928112447,-9.61214800311923,-0.3438064962286501,50,walking
1783066755482652400,5.8577981,0.0037993922829627,0.2282721645355224,1.0223433981090784,-0.0219186786562204,-1.1177095174789429,0.0973877161741256,1.8871710064291956,-9.615637598800658,-0.385336082371138,50,walking
1783066755502576400,5.8777221,0.4094530536808073,-0.1403308462321758,1.1173486634492873,-0.0646603107452392,-1.000283122062683,0.159828320145607,1.853815703185648,-9.620081134206057,-0.4333553958591074,50,walking
1783066755522501400,5.8976471,0.3912747151724994,-0.2052998697489499,1.0139093317627903,-0.0863369479775428,-0.8748452067375183,0.1780111044645309,1.81169008737877,-9.625741644185782,-0.4829952232209965,50,walking
1783066755542425300,5.917571,0.0175574301309883,-0.0483493126273155,0.8738800988256931,-0.0705715864896774,-0.7293827533721924,0.1099860444664955,1.7752505543842911,-9.630210314032436,-0.5271699901100247,50,walking
1783066755562350300,5.937496,-0.1678571510612964,-0.1610942327976226,0.6242980197578668,-0.0473950244486331,-0.5900831818580627,0.0318906903266906,1.7550630680106578,-9.631938745260236,-0.5620485573980957,50,walking
1783066755582274600,5.9574203,0.1941495301812887,-0.5267851555109023,0.331894451573491,0.0529203154146671,-0.4617987275123596,0.0533996000885963,1.743058888092637,-9.633009004840254,-0.5807415308976546,50,walking
1783066755602198300,5.977344,0.5475073332831263,-0.7789046441018581,0.0478582411747425,0.1914392411708831,-0.3812014162540436,0.1438780277967453,1.7187543217889965,-9.637968673074244,-0.5708417393803596,50,walking
1783066755622123500,5.9972692,0.3780339791968464,-0.5899550206512213,-0.0321516265422105,0.2763978540897369,-0.2998919486999511,0.1703676134347915,1.6836729254052043,-9.646154902139305,-0.5360222453357651,50,walking
1783066755642047500,6.0171932,0.0717103144705295,-0.4529606253653764,0.2157066974729299,0.2987737953662872,-0.1561718434095382,0.1578791588544845,1.6507681424081324,-9.654460958191752,-0.4865508333433419,50,walking
1783066755661972200,6.0371179,0.1619574254982173,-0.5500292529761791,0.1170195287495851,0.1740031540393829,-0.1403888165950775,0.1939070671796798,1.615886944771558,-9.662437928420305,-0.4433788868213072,50,walking
1783066755681896400,6.0570421,0.1061620346486568,-0.4678992513000964,-0.0483066059967502,0.0144485598430037,-0.1549584418535232,0.2128175348043441,1.5748666598580776,-9.669749128216504,-0.4314315881896763,50,walking
1783066755701821400,6.0769671,-0.2162694459222257,-0.1059235497176647,0.0492284700820222,-0.0413943789899349,-0.0882617086172103,0.1775451302528381,1.535624052141607,-9.675736385932565,-0.4385855515975504,50,walking
1783066755721745400,6.0968911,-0.4174743014425039,0.1557283218502998,-0.1471527646740898,-0.0877843499183654,-0.0990670174360275,0.1147936135530471,1.5060877226643263,-9.679711719304322,-0.4530438101368024,50,walking
1783066755741670400,6.1168161,-0.5782981928661465,0.2007020205646753,-0.4385737515619024,-0.1391565948724746,-0.1357730329036712,0.046667743474245,1.489740545105934,-9.680992406764624,-0.479003925095126,50,walking
1783066755761594400,6.1367401,-0.6659615710109472,0.0251174901217222,-0.5734404506366699,-0.1690567880868911,-0.1580961793661117,0.0139645831659436,1.483581291823834,-9.6801834284693,-0.513227499073185,50,walking
1783066755781519400,6.1566651,-0.6221713829927146,-0.1882756697118282,-0.8302583992421626,-0.238123208284378,-0.2604591846466064,0.0407523848116397,1.4772006508760154,-9.678678284603356,-0.5580792884409427,50,walking
1783066755801443300,6.176589,-0.5854325747907161,-0.3979489322394132,-1.1595780318915845,-0.2914143800735473,-0.4418728947639465,0.1248275116086006,1.45752052950263,-9.677899116924404,-0.6199123520195484,50,walking
1783066755821368600,6.1965143,-0.76592065936625,-0.3065799775749445,-1.5422574988067148,-0.2574656307697296,-0.6597716808319092,0.2039128541946411,1.418789378439635,-9.678887543439863,-0.6903357684846967,50,walking
1783066755841292300,6.216438,-0.8969041237995028,-0.2205699195951223,-1.697823323571682,-0.0856639295816421,-0.8033664226531982,0.3061175346374511,1.3589851903401315,-9.683345691892503,-0.7459083834290504,50,walking
1783066755861217500,6.2363632,-0.9039959817565976,0.0399070629745721,-1.7077052506387234,0.1442171782255172,-0.928677499294281,0.3555656671524048,1.281382164569199,-9.692581137749553,-0.7631108626425266,50,walking
1783066755881141500,6.2562872,-0.7117488511305302,0.1957616415530443,-1.7056033099234102,0.3735314011573791,-1.057807445526123,0.3946016728878021,1.1943302693862468,-9.705681442341207,-0.7373804282542318,50,walking
1783066755901065500,6.2762112,-0.3222466985885053,-0.0197194304704666,-1.297700554424524,0.5358948111534119,-1.1235109567642212,0.4553228914737701,1.0972198484603315,-9.721838211894037,-0.672577920410782,50,walking
1783066755920990500,6.2961362,0.1688306722685694,-0.2083575037539005,-0.794479887439683,0.5383779406547546,-1.1608582735061646,0.5324165225028992,0.9863717748872936,-9.739102650427816,-0.5893687817284837,50,walking
1783066755940914400,6.3160601,0.5089003200564534,-0.0924853914737701,-0.1862720017392188,0.4072167575359344,-1.1897101402282717,0.5459687113761902,0.8677657075986266,-9.754418292981386,-0.5183712551698089,50,walking
1783066755960839200,6.3359849,0.7611947268228978,0.1513251184552907,0.1784316635023802,0.2640809118747711,-1.18827486038208,0.4872636795043945,0.7544846347250044,-9.76614087947905,-0.4729187964951619,50,walking
1783066755980762600,6.3559083,1.0282570060670375,0.1763368101149797,0.4790308496346697,0.1923535913228988,-1.109608769416809,0.3944027721881866,0.6581588613707572,-9.774392574995757,-0.4455118437293917,50,walking
1783066756000687600,6.3758333,1.5074023123942315,0.1635831270039081,0.7133025833785533,0.1819725483655929,-0.9608107805252076,0.3538732826709747,0.5776479853291064,-9.780492645436524,-0.4227064664749428,50,walking
1783066756020611800,6.3957575,2.019863758998364,0.1567412982851266,0.906620338910818,0.1602685004472732,-0.820628821849823,0.3646802604198456,0.5007817128675058,-9.785771462622284,-0.3978523034645244,50,walking
1783066756040536600,6.4156823,2.298933652226627,0.4438426684081554,1.0007266095846892,0.0566878393292427,-0.748550534248352,0.3599558174610138,0.422974433228746,-9.790057761639355,-0.3824241404471918,50,walking
1783066756060460800,6.4356065,2.236975793224573,0.9134411248415708,1.133316047909856,-0.1088188588619232,-0.727477490901947,0.2565139532089233,0.3556454025823622,-9.792337981531023,-0.3924603812931105,50,walking
1783066756080385800,6.4555315,2.121911636326462,1.1414560997456311,1.2519032643675805,-0.2850226461887359,-0.6710947155952454,0.1530411094427108,0.3111957642747089,-9.792005973097682,-0.4360789756041019,50,walking
1783066756100309500,6.4754552,2.115099033702165,1.2831284237146376,1.5702701258480547,-0.4529153406620025,-0.5413652658462524,0.1274619996547699,0.2783544019026681,-9.789278009438512,-0.5127812166104093,50,walking
1783066756120234800,6.4953805,1.998317697622627,1.6634931839466094,1.722968870744109,-0.4807488620281219,-0.4391422867774963,0.0601267553865909,0.2529800144104286,-9.784476746636628,-0.6086175259472802,50,walking
1783066756140158700,6.5153044,1.5578956513129174,2.0403063891768456,1.531702202522755,-0.3942557871341705,-0.3669956624507904,-0.0952101051807403,0.2503250977211632,-9.778666599053144,-0.6967243735432624,50,walking
1783066756160083700,6.5352294,1.2104232529878616,1.8895768985271453,1.76254275624156,-0.3018528819084167,-0.2703878879547119,-0.2240655422210693,0.2780219733442179,-9.772785139799115,-0.7653576186560094,50,walking
1783066756180007700,6.5551534,0.999051662109792,1.683156500315666,1.9050263965934515,-0.2554249167442322,-0.2206662148237228,-0.3204807341098785,0.3274856586879119,-9.766730662065743,-0.8210515218924731,50,walking
1783066756199931600,6.5750773,0.745310417535901,1.255719607785344,2.075373610904813,-0.1883261799812317,-0.1394123136997223,-0.3862025737762451,0.393731095348671,-9.760373986515402,-0.8663016994606703,50,walking
1783066756219856600,6.5950023,0.4984078964082524,0.9502426230162382,2.1011375822365284,-0.1178303360939025,-0.0581986121833324,-0.420621246099472,0.4707948631437495,-9.75417045570016,-0.8971537146463989,50,walking
1783066756239780600,6.6149263,0.1984252347391098,0.589476297223568,2.175015888395905,-0.0598478913307189,0.0036268043331801,-0.4636106193065643,0.5560475268850102,-9.748045250818134,-0.9147679164659231,50,walking
1783066756259705900,6.6348516,0.1532611280191689,0.2588233701437711,2.0931208645194768,0.0168788619339466,0.0703596323728561,-0.441549152135849,0.6458036029927432,-9.742105923897029,-0.9190640062246472,50,walking
1783066756279629800,6.6547755,0.0289795723773539,0.1657715769588947,2.163990051990748,0.0933642834424972,0.1594508290290832,-0.3919737339019775,0.7280370650433003,-9.73749053905606,-0.9064354107979684,50,walking
1783066756299554800,6.6747005,-0.2630115425486117,0.2239543013364076,2.1505618306189773,0.168368324637413,0.2519014179706573,-0.3636632561683655,0.8052982185740023,-9.734022570684552,-0.8778937914464622,50,walking
1783066756319478800,6.6946245,-0.5086945683512837,0.2699848156273365,2.0659370895177123,0.2864704132080078,0.3364647030830383,-0.3340825140476227,0.878149812034145,-9.732020583212377,-0.8288830192357302,50,walking
1783066756339403500,6.7145492,-0.7729305381283164,0.3116694096684456,1.899523707523942,0.3784176111221313,0.347255527973175,-0.3318115770816803,0.947856823858246,-9.731355981823802,-0.7567416198715567,50,walking
1783066756359327700,6.7344734,-1.0071990204691883,0.0600216302424669,1.9334376675635576,0.440014898777008,0.340549111366272,-0.3302284777164459,1.0170751023173332,-9.73065104842484,-0.6710948422461748,50,walking
1783066756379252700,6.7543984,-1.1710571650221944,-0.4715829082489013,2.167484323847294,0.5208656787872314,0.4080922603607178,-0.2973284125328064,1.0829207625381647,-9.7299618971169,-0.5705520357187837,50,walking
1783066756399176700,6.7743224,-1.348063837222755,-0.9649860186398028,2.198984208482504,0.5904623866081238,0.5074127912521362,-0.2323505878448486,1.1381221330173312,-9.729912212756275,-0.4515164544390514,50,walking
1783066756419101700,6.7942474,-1.5630724694289266,-1.3636071510523555,1.962562639760971,0.5467498302459717,0.6039473414421082,-0.2173134386539459,1.184788534059003,-9.72932652182281,-0.3268742122586816,50,walking
1783066756439025700,6.8141714,-1.4920914921462536,-1.8834183758974077,1.8166998783648012,0.4435300827026367,0.7099636197090149,-0.1996908485889434,1.2302255394361912,-9.726812493175268,-0.2145302010394632,50,walking
1783066756458950000,6.8340957,-1.0218252194538713,-2.502243517202139,1.3829957421332597,0.3342348337173462,0.6703642010688782,-0.1066834703087806,1.2631908204488456,-9.72419734224081,-0.1214010774352122,50,walking
1783066756478874600,6.8540203,-0.6980795875445008,-3.136282009729743,0.9566828851968048,0.2263349741697311,0.5899890661239624,0.006989961490035,1.2738852329425514,-9.723425188824534,-0.051225534783909,50,walking
1783066756498798600,6.8739443,-0.6070892569340766,-3.7026141627311695,0.760775113171339,0.1420018970966339,0.536655843257904,0.1150553300976753,1.2631003656864166,-9.724966573047638,-0.0010647384453994,50,walking
1783066756518723800,6.8938695,-0.4410964384399354,-3.829014098766446,0.4777180500030517,0.06238429620862,0.4484086334705353,0.250630110502243,1.2272925547242164,-9.729500709345936,0.0313487720269942,50,walking
1783066756538647600,6.9137933,-0.2240118036773055,-3.656718088474869,-0.0269651592484442,0.0011299473699182,0.2914278507232666,0.3947306275367737,1.1641850142303851,-9.73719535550177,0.0458195886537199,50,walking
1783066756558572800,6.9337185,-0.0251595756977796,-3.0901147173166272,-0.3543570432722568,0.0147698586806654,0.1773604452610016,0.5459906458854675,1.0720242516010998,-9.747744222044943,0.0513407586614135,50,walking
1783066756578496800,6.9536425,0.0824997117713093,-2.1391583930730818,-0.730334382200241,0.0841499716043472,0.0397330112755298,0.634220540523529,0.9561348959252236,-9.75972458269596,0.0631005170980002,50,walking
1783066756598421800,6.9735675,0.0233999456141144,-1.0852794544935225,-1.087921493434906,0.1737932413816452,-0.0961767584085464,0.6533622741699219,0.8299833816930651,-9.771079504925012,0.0868459516815375,50,walking
1783066756618345700,6.9934914,-0.0550504177011549,-0.3432072882264852,-1.352573131340742,0.3242104649543762,-0.1764289140701294,0.610358715057373,0.7070213842172175,-9.780224934411049,0.1330260944430716,50,walking
1783066756638270700,7.0134164,0.2274896358557045,0.181666480705142,-1.7385609921514986,0.4701711237430572,-0.3220718502998352,0.5652828216552734,0.5937214970452711,-9.786455353233215,0.2077679038302972,50,walking
1783066756658194700,7.0333404,0.6122239164087921,0.5179840094178915,-1.7538953394055363,0.6128351092338562,-0.4033054113388061,0.5913745760917664,0.4834225452549755,-9.7898286290586,0.3097424601938575,50,walking
1783066756678118700,7.0532644,0.7758557048600166,0.9738672442317008,-1.677529892605543,0.7247428297996521,-0.4910423159599304,0.5969769954681396,0.3693209132460877,-9.789917476385831,0.4376322694607079,50,walking
1783066756698044000,7.0731897,0.8003159001167863,1.3872089759141206,-1.627202557903528,0.7481404542922974,-0.5676304697990417,0.5368654727935791,0.263757118485216,-9.785918177616596,0.5801883905269205,50,walking
1783066756717968000,7.0931137,0.9356712229587136,1.6605910327643154,-1.5984861665070056,0.6596604585647583,-0.6769471764564514,0.4479486644268036,0.1764355212491005,-9.77887936502099,0.7160728518094867,50,walking
1783066756737892600,7.1130383,0.957890361290425,1.7426935619115829,-1.3809084144651889,0.5260878801345825,-0.6647685170173645,0.3842637240886688,0.1052847951564006,-9.770899472182988,0.8299423920955509,50,walking
1783066756757816800,7.1329625,0.8244827384501695,1.8005051148891449,-1.1822155417658389,0.3786953091621399,-0.5382193922996521,0.2905762493610382,0.0489519820950459,-9.763468445399402,0.9179550951346754,50,walking
1783066756777741600,7.1528873,0.9106913877420126,1.7294751838982103,-1.3103928627371788,0.1562333703041076,-0.5510790944099426,0.1429705321788787,0.0164631697625212,-9.758429866710305,0.9711642688833176,50,walking
1783066756797665800,7.1728115,0.981228859040886,1.6286346365332602,-1.304564010453224,-0.0225945096462965,-0.5163983702659607,-0.0264792591333389,0.0155071864952275,-9.757398185575008,0.9814964970011264,50,walking
1783066756817590800,7.1927365,0.984133056049794,1.4309621929228304,-1.315087888685614,-0.1026908010244369,-0.4500887989997864,-0.1971102058887481,0.046720355152036,-9.758592948317528,0.968527344508469,50,walking
1783066756837514800,7.2126605,1.186893616579473,0.939946269929409,-1.2773346427440642,-0.1336348801851272,-0.3923510313034057,-0.3088086545467376,0.105227055353485,-9.760634683278202,0.9430444551404564,50,walking
1783066756857439700,7.2325854,1.6124894112877546,0.3893266498446464,-1.3847532533250748,-0.0832826718688011,-0.3273695409297943,-0.2926240861415863,0.1725375822287984,-9.761879130381343,0.9199790021777152,50,walking
1783066756877363700,7.2525094,1.7824547866746785,0.1007365024685859,-1.2516145105540752,-0.0667479261755943,-0.3024646043777466,-0.2192740887403488,0.2276271446302533,-9.762088389217851,0.9056521514657884,50,walking
1783066756897287700,7.2724334,1.554854822312295,0.3214309252262115,-0.9643851301372052,-0.1069579869508743,-0.2960048913955688,-0.1549337953329086,0.2699757007391192,-9.762665896844863,0.8876206740822643,50,walking
1783066756917212700,7.2923584,1.1097906492851677,0.8460983579307794,-0.4739922344129532,-0.2244286835193634,-0.2828211188316345,-0.1265933215618133,0.3012920089683495,-9.76465034866035,0.8551195765152573,50,walking
1783066756937136600,7.3122823,0.5267793468246236,1.4239292255461216,-0.0343769744414836,-0.423410564661026,-0.2550980448722839,-0.1977153867483139,0.3361806775253266,-9.768917942976952,0.7909440414637326,50,walking
1783066756957062000,7.3322077,0.081698661054112,1.832577830976248,0.2413292145073413,-0.5847492814064026,-0.2268341779708862,-0.3110910058021545,0.3893605521142482,-9.774593650525809,0.6900147929020226,50,walking
1783066756976986000,7.3521317,0.0276060920670628,1.7879057455569505,0.1449310335040092,-0.6604882478713989,-0.2338898777961731,-0.3848029971122741,0.4615592346236109,-9.779451027429102,0.5653981235543266,50,walking
1783066756996911000,7.3720567,0.1405428815476596,1.462038299188018,0.1429541804730892,-0.6029526591300964,-0.1951116621494293,-0.3684340715408325,0.5382132891066372,-9.782038705834744,0.4386866738844662,50,walking
1783066757016835300,7.391981,0.0365204892762005,1.3353215522885322,0.1064998517682775,-0.4559481143951416,-0.1679891645908355,-0.3515567779541015,0.6088664592070505,-9.782064424797891,0.3329857174089178,50,walking
1783066757036760000,7.4119057,-0.2394263034954667,1.2426111198872327,0.0685971874186769,-0.2724865078926086,-0.1576431691646576,-0.3705101013183594,0.6801090465679764,-9.7795872210294,0.2598570605730638,50,walking
1783066757056684000,7.4318297,-0.4643178126167506,1.034830539238453,0.1988204446017742,-0.1236119344830513,-0.1626265496015548,-0.3945235311985016,0.7556622271370143,-9.775013337242603,0.2201650651212781,50,walking
1783066757076609000,7.4517547,-0.5056466520227492,0.6157125622421503,0.3834977975606918,-0.0170638766139745,-0.1752233058214187,-0.3909968137741089,0.8333529311913996,-9.769044784227011,0.2041287984092719,50,walking
1783066757096533000,7.4716787,-0.3556511016707867,0.1040022262662649,0.6243430279433727,0.069433718919754,-0.1794160455465316,-0.3219113051891327,0.9045216861311346,-9.762660636147857,0.2065942934736609,50,walking
1783066757116458200,7.4916039,-0.2886605091985315,-0.3187918088942766,0.8321230240702628,0.1265835911035537,-0.158657506108284,-0.2295654565095901,0.9579894377507268,-9.757205293351412,0.2226720612398348,50,walking
1783066757136382200,7.5115279,-0.533917491608858,-0.4790881693124771,0.9217711462914944,0.1604510098695755,-0.1087666451930999,-0.2243078500032425,1.0028817417919635,-9.752083712553976,0.2479459657659754,50,walking
1783066757156306000,7.5314517,-0.7078004057656974,-0.7665005050808191,1.0936369484722614,0.2554457485675812,0.0167583208531141,-0.2205649763345718,1.0465798676125704,-9.746438400143385,0.2863205950088799,50,walking
1783066757176231200,7.5513769,-0.6547236262250691,-1.085597434401512,1.0719453411459925,0.3728789687156677,0.1482264697551727,-0.1839379668235778,1.0856798519879578,-9.740082893636822,0.3499109140509739,50,walking
1783066757196155100,7.5713008,-0.4809244448289275,-1.4559434894442558,0.9357844740748404,0.4214653670787811,0.2099353075027465,-0.1179281994700431,1.1146396236862988,-9.733507022377848,0.4322027186926454,50,walking
1783066757216080100,7.5912258,-0.4306052934333682,-1.7368991964191198,1.2580910130918026,0.3504709005355835,0.3072099387645721,-0.0217136070132255,1.1258216005012391,-9.72818495057225,0.5151149567876011,50,walking
1783066757236004000,7.6111497,-0.5820195514768361,-1.6597651033341885,1.4754559991657734,0.1389331519603729,0.385043740272522,0.0532448962330818,1.1186199985593557,-9.725860891538858,0.5715862010721117,50,walking
1783066757255929300,7.631075,-0.8014275146204978,-1.3890443746477366,1.32868605979681,-0.0909765735268592,0.4057610630989074,0.0877971351146698,1.0998048965174705,-9.727233348935842,0.5845800496146083,50,walking
1783066757275853000,7.6509987,-0.951818420965597,-1.305703828138113,0.9968202497959135,-0.2056027799844741,0.4521436095237732,0.0929161608219146,1.0776635726623236,-9.73096669024527,0.563301881927438,50,walking
1783066757295778000,7.6709237,-0.8329246227767318,-1.3726923747837545,0.5764671780467033,-0.2237340658903122,0.4926676750183105,0.1683119833469391,1.0484028452560306,-9.735954415529966,0.5314501881798729,50,walking
1783066757315702300,7.690848,-0.8154187767025083,-1.2320792044788598,0.1058054032307118,-0.2684814035892486,0.4305421710014343,0.2195242643356323,1.0036628091670572,-9.74264134594798,0.4939417473122477,50,walking
1783066757335626200,7.7107719,-1.179551144862175,-0.953221346566081,-0.1970774003267288,-0.326415091753006,0.3975470662117004,0.1350792050361633,0.9648211834669111,-9.749009127414226,0.44308110945113,50,walking
1783066757355551200,7.7306969,-1.2070796416483818,-1.1045488031089306,-0.3725906190991401,-0.3415148556232452,0.3757538199424743,0.1039251685142517,0.939527606125921,-9.75390449824035,0.3860579303722828,50,walking
1783066757375475200,7.7506209,-0.8231902874868363,-1.2610171296715735,-1.032140569502115,-0.3693964183330536,0.2160768806934356,0.1373254358768463,0.9144692257802932,-9.758594701883196,0.3224097071304917,50,walking
1783066757395400000,7.7705457,-0.629151816464588,-1.1922732637912037,-1.3143138355731965,-0.353935569524765,0.0490390285849571,0.1695473492145538,0.8839847287327051,-9.763445064523816,0.2532340622367337,50,walking
1783066757415324200,7.7904699,-0.4045820135783404,-1.2216408125728369,-1.6260720925688743,-0.2603175938129425,-0.0950797274708747,0.2524169683456421,0.8443669310282915,-9.76834335795939,0.1920943512171506,50,walking
1783066757435249200,7.8103949,-0.0021528671849519,-1.1716349649101494,-1.8144471310019488,-0.1845155209302902,-0.2762328684329986,0.3989441990852356,0.781615145169571,-9.774355750116705,0.1464364239651244,50,walking
1783066757455173000,7.8303187,0.1555265156678855,-0.6564052226364612,-1.9602689758658407,-0.1160348057746887,-0.4692067801952362,0.521049439907074,0.6920207989621907,-9.7815652431041,0.1116456171588972,50,walking
1783066757475098000,7.8502437,0.2099350552689284,-0.0652279667139053,-2.0148399394869805,-0.0676892697811126,-0.6764984130859375,0.5926806926727295,0.584042070280388,-9.78885656915605,0.0869088060509879,50,walking
1783066757495022000,7.8701677,0.391262805538997,0.6776917562931776,-2.013792476260662,0.0146059487015008,-0.8889728784561157,0.6155672073364258,0.4670585261596366,-9.795260590979456,0.0714958954017143,50,walking
1783066757514947000,7.8900927,0.4221141631375998,1.3106781094193458,-1.8632886110603808,0.2029773890972137,-1.0260990858078003,0.5525831580162048,0.3534575371492653,-9.799920399484035,0.0839483944759704,50,walking
1783066757534871000,7.9100167,0.5948351939082145,1.6081559121280908,-1.8343559465646744,0.4394193887710571,-1.1139298677444458,0.4701138138771057,0.2563034962773323,-9.802311094012856,0.1392607236494775,50,walking
1783066757554795000,7.9299407,0.8632075328376143,1.4678390944212674,-1.4621101953804492,0.6816877126693726,-1.0808932781219482,0.4174739420413971,0.173930680555012,-9.802055073425173,0.2446587790551595,50,walking
1783066757574720300,7.949866,1.137261424534768,1.2734382198274137,-1.1646820770323276,0.8693987131118774,-1.0559275150299072,0.3236747980117798,0.107274599000439,-9.7981428684175,0.394047869680263,50,walking
1783066757594644000,7.9697897,1.136434252995625,1.157461478129029,-0.7426350608468055,0.945982813835144,-0.9822290539741516,0.1775416135787964,0.0672506133816204,-9.7897549793005,0.5714490941563621,50,walking
1783066757614569200,7.9897149,1.134691354851052,0.6569622719973325,-0.475118169702962,0.8334953784942627,-0.9233676195144652,0.0315261520445346,0.0601648792046355,-9.777972771570086,0.7470097687996924,50,walking
1783066757634493200,8.0096389,1.5146709882229563,-0.182675365486741,-0.2590893276035785,0.5321158170700073,-0.9020724296569824,0.0122080761939287,0.0725350291911046,-9.766728908500074,0.8809828435029834,50,walking
1783066757654418200,8.0295639,1.8672719816081225,-0.6560983486443758,-0.2734733883954584,0.1600045710802078,-0.9326716661453248,0.0937936156988143,0.0802614404583815,-9.760473355236648,0.9471419535871596,50,walking
1783066757674342100,8.0494878,1.8804945974051952,-0.6865735664069652,-0.4973040633521974,-0.2367056757211685,-1.0680664777755735,0.1700921356678009,0.0719767651206813,-9.761424372351168,0.9379870256204158,50,walking
1783066757694267100,8.0694128,1.6260943044006824,-0.1871960577815771,-0.7484591638904065,-0.5205175280570984,-1.2106168270111084,0.1758776903152465,0.0582266137515893,-9.768793439814448,0.8588914232041687,50,walking
1783066757714191000,8.0893367,1.2714563983604312,0.3267915754765272,-0.91423307893686,-0.5633700489997864,-1.2661874294281006,0.1791844666004181,0.0441574549946235,-9.777904382508993,0.74903294519037,50,walking
1783066757734115000,8.1092607,1.08987686528638,0.7944453275829553,-1.1463958211701362,-0.5205811858177185,-1.367692947387695,0.1897039264440536,0.0262700394240207,-9.785571556136013,0.6421168773040175,50,walking
1783066757754040300,8.129186,0.7992020205907523,1.359223821401596,-1.1947498099725693,-0.4109194576740265,-1.473664164543152,0.1279177218675613,0.0112352607800916,-9.791303962308168,0.5483154713282361,50,walking
1783066757773964300,8.14911,0.5746263359529897,1.545513285732269,-1.2370926487267018,-0.1507998257875442,-1.4842356443405151,0.0531004592776298,0.0095587806477007,-9.794286192989349,0.4921962918844074,50,walking
1783066757793889000,8.1690347,0.5629653799820691,1.373735746356845,-1.162948385107517,0.0760050192475318,-1.5113648176193235,0.0142733938992023,0.0179276699491776,-9.794591313415763,0.485838666485995,50,walking
1783066757813813200,8.1889589,0.554881223051995,1.112086212876439,-0.9388450306892394,0.1571357995271682,-1.5665539503097534,-0.0309458505362272,0.0345413164240308,-9.793311210477352,0.5101328940587118,50,walking
1783066757833738000,8.2088837,0.4068392909858375,0.8867857576280832,-0.5666693490665405,0.1294252574443817,-1.5797492265701294,-0.0840516984462738,0.0622746196339139,-9.791720726415514,0.5373403421970084,50,walking
1783066757853662000,8.2288077,0.3102254579378292,0.6824673001319169,-0.2956136893372982,0.0238469131290912,-1.583629846572876,-0.1448562890291214,0.1018766215475741,-9.79061013482511,0.5513443541627377,50,walking
1783066757873587200,8.2487329,0.3913306466108188,0.3510141625851392,-0.2482194854777306,-0.1318192481994629,-1.6152660846710205,-0.1702427715063095,0.151105639618868,-9.790753927209972,0.537319774333015,50,walking
1783066757893511200,8.2686569,0.6284613499823958,-0.0591875175058841,-0.3866051889915019,-0.2901094853878021,-1.70855712890625,-0.1521109044551849,0.1994834020225331,-9.792353179100155,0.4903043406579643,50,walking
1783066757913436200,8.2885819,0.7048572649858892,-0.1851701049119234,-0.7148609187364577,-0.3658030033111572,-1.855991244316101,-0.1532793939113617,0.2448926791425794,-9.794760240241883,0.4160350989522412,50,walking
1783066757933360000,8.3085057,0.5477761402871459,-0.2035141553759575,-0.8539747903943061,-0.3092550933361053,-1.92208731174469,-0.1841102391481399,0.2921397296164185,-9.796467044159767,0.338024588358961,50,walking
1783066757953284000,8.3284297,0.5422343978488817,-0.1843710634887218,-0.8525801942307502,-0.1780721098184585,-1.953503489494324,-0.1894703954458236,0.3412259416835382,-9.796754628929495,0.2784201423489488,50,walking
1783066757973208800,8.3483545,0.5318704228859394,-0.1634130311340093,-1.0289841512978075,-0.1014043688774108,-2.081529140472412,-0.2097647190093994,0.3895977949362248,-9.796016377782822,0.2380001614161767,50,walking
1783066757993133000,8.3682787,0.3944012862278148,-0.1707540415465831,-1.1138532225489617,-0.0610995441675186,-2.2114973068237305,-0.2735627889633178,0.44641237276569,-9.794361596313118,0.2039073011456988,50,walking
1783066758013058000,8.3882037,0.4568744743408635,-0.2662789468467235,-0.959362918061018,0.0064266603440046,-2.265121936798096,-0.2875891625881195,0.5105326704986393,-9.791762811991571,0.1764590665214695,50,walking
1783066758032982000,8.4081277,0.8411845746651291,-0.4824105917334556,-1.083532903087139,0.1107109114527702,-2.335748672485352,-0.2042286098003387,0.5672045519217849,-9.788864167940616,0.1637104431780055,50,walking
1783066758052907000,8.4280527,0.9463580366678536,-0.4431991098076104,-1.1817512852549552,0.1502109616994857,-2.4702858924865723,-0.1398330628871917,0.6074789138387888,-9.786475811499356,0.1619707416375167,50,walking
1783066758072831000,8.4479767,0.6863224411901087,-0.2560024675041437,-1.008005660676956,0.1191339120268821,-2.586552858352661,-0.1586876660585403,0.643656507961452,-9.78423241648674,0.1577647595813497,50,walking
1783066758092756000,8.4679017,0.6552833789996803,-0.1652402465611696,-0.9461001163840294,0.0795243307948112,-2.6979575157165527,-0.2129099369049072,0.6880133899517357,-9.78147055055797,0.1408999239575583,50,walking
1783066758112680000,8.4878257,0.9634027680363504,-0.3586754909932613,-1.0076116929233074,0.1491063982248306,-2.7075111865997314,-0.1898669600486755,0.735881933324784,-9.778223531460762,0.123253984426055,50,walking
1783066758132604200,8.5077499,1.3606342727214098,-0.495090040564537,-0.965972691589594,0.2101518809795379,-2.735158443450928,-0.102149024605751,0.7708036821674555,-9.775585584172608,0.1190240643718745,50,walking
1783066758152529000,8.5276747,1.4808657492548227,-0.241846516379714,-0.9408756597340108,0.1847079992294311,-2.828441381454468,-0.0554527640342712,0.7913811177067458,-9.773996853676438,0.1144272563672158,50,walking
1783066758172452900,8.5475986,1.1600356394659728,0.0993546927213668,-0.7634171521127223,0.179720401763916,-2.8359107971191406,-0.0876916050910949,0.8106916751153767,-9.772527950167657,0.1042633888199459,50,walking
1783066758192378000,8.5675237,0.9181780902355908,0.2993897738099098,-0.7332932320058345,0.2287678867578506,-2.7798449993133545,-0.170049712061882,0.8420091158557683,-9.769954300287363,0.0970343691481743,50,walking
1783066758212302000,8.5874477,0.9513560641508548,0.1808119097024202,-0.8699930282592773,0.3139695227146148,-2.736229658126831,-0.2055204063653946,0.8845476963777095,-9.766147309219836,0.1016040608170442,50,walking
1783066758232227000,8.6073727,1.1439294310566035,0.0947726256281137,-1.0171884995639324,0.4409310817718506,-2.697404623031616,-0.175019696354866,0.9282521788738668,-9.761810156798362,0.1256477111621759,50,walking
1783066758252151000,8.6272967,1.0351852709602565,-0.0521136335968971,-0.8982078998744487,0.5351675748825073,-2.641350269317627,-0.1553525477647781,0.9683123865835368,-9.757229258748888,0.1709686706779524,50,walking
1783066758272075800,8.6472215,0.8349422462094575,-0.2052104378998279,-0.7989514068305492,0.531883955001831,-2.57281494140625,-0.1483514606952667,1.0079944086305797,-9.752124044564365,0.2244922989369369,50,walking
1783066758292000000,8.6671457,0.8149236866619437,-0.3169727767735719,-0.7860135993242263,0.4459328651428222,-2.540332555770874,-0.1510180830955505,1.049860131392255,-9.746604988881945,0.2681181449726224,50,walking
1783066758311924000,8.6870697,0.8496176180981099,-0.2784545378088951,-0.5394669424295425,0.3080037832260132,-2.4530446529388428,-0.1291397362947464,1.091930290684849,-9.74142846302688,0.287477491692733,50,walking
1783066758331849200,8.7069949,0.8006435977011919,-0.1773287437617778,-0.3154173274924978,0.1926121562719345,-2.2809700965881348,-0.0694958195090293,1.1259406968362629,-9.737660050404072,0.2839942892194725,50,walking
1783066758351773000,8.7269187,0.7982455235835164,0.0460538951665163,-0.4551952525496482,-0.0023016610648483,-2.2359440326690674,0.0244037006050348,1.1422547758426516,-9.736585114648936,0.2540817833735607,50,walking
1783066758371698000,8.7468437,0.5822763757821172,0.5930050558716058,-0.5348094720125198,-0.2614069283008575,-2.2612247467041016,0.053620621562004,1.1437931643910706,-9.738106040605905,0.1771756538256071,50,walking
1783066758391622100,8.7667678,0.2196558734901249,0.9447609767347572,-0.2991536269664764,-0.4692227244377136,-2.196372985839844,0.0760583132505416,1.1362102349814027,-9.74045932573378,0.0535987804210046,50,walking
1783066758411547000,8.7866927,0.0936163682650774,1.1052940685182808,-0.4299970984071493,-0.5539907217025757,-2.1058709621429443,0.115326315164566,1.1168020624171942,-9.742376557531951,-0.0961283054202329,50,walking
1783066758431471000,8.8066167,-0.2267610293202102,1.2629063044190405,-0.5045330282250419,-0.6045085191726685,-2.0251214504241943,0.0962731912732124,1.0874765992116182,-9.742870478528738,-0.2535309810903854,50,walking
1783066758451396000,8.8265417,-0.7269340722374618,1.3230243807733058,-0.6533148554056882,-0.6633911728858948,-1.9873714447021484,-0.0182503163814544,1.0655640426110475,-9.739541041845085,-0.4198858926288783,50,walking
1783066758471319800,8.8464655,-0.977730568596348,1.2538877161830664,-0.5845306209823117,-0.6814392805099487,-1.9233766794204712,-0.1448241174221038,1.0621260309863836,-9.730857384651898,-0.5938653990279883,50,walking
1783066758491244000,8.8663897,-0.7275479663521051,0.7633920176714658,-0.5360474163096398,-0.6292606592178345,-1.7000455856323242,-0.1427574902772903,1.0685719922553747,-9.71875252083838,-0.7578687242053449,50,walking
1783066758511169000,8.8863147,-0.3367484674759209,0.3254395763456821,-0.4835719636630267,-0.549507200717926,-1.754967451095581,0.0024213446304202,1.0527644014663993,-9.707417472353576,-0.9100026748254896,50,walking
1783066758531093200,8.9062389,-0.6084729663774371,-0.0198965406030416,-0.7318214058876037,-0.6087151169776917,-1.8021084070205688,-0.0487009584903717,1.0204251433975997,-9.6962227091223,-1.054701945400238,50,walking
1783066758551018000,8.9261637,-0.9235687702979892,-0.1634942796766758,-0.8338811197839677,-0.8305527567863464,-1.8424829244613647,-0.2485078871250152,1.0070663340002295,-9.67682359664738,-1.2309678822360932,50,walking
1783066758570942000,8.9460877,-1.1918657789688556,-0.7634341032475233,-0.9313064518779516,-1.008931040763855,-1.8279534578323364,-0.4786171019077301,1.02711485029459,-9.645058339074254,-1.4450883334308862,50,walking
1783066758590867000,8.9660127,-1.175000715016201,-0.8490092769414186,-1.1500368810862305,-1.179398775100708,-1.851201415061951,-0.6720492839813232,1.0817765609391032,-9.598388942357897,-1.694424913305044,50,walking
1783066758610791000,8.9859367,-1.1970023381397128,-0.7351473354399204,-0.8525022336237132,-1.2804495096206665,-1.7222014665603638,-0.7302583456039429,1.1513628689929842,-9.5374735781461,-1.9701115938358007,50,walking
1783066758630716200,9.0058619,-1.3068705338299271,-0.599116232228279,-0.4658180611118674,-1.3023669719696045,-1.4115735292434692,-0.7553715109825134,1.225168621372804,-9.465210890489816,-2.2536961880095303,50,walking
1783066758650640100,9.0257858,-1.2274585589408873,-0.691859397855401,-0.7092793192118406,-1.2168452739715576,-1.1186412572860718,-0.7703080177307129,1.3093103281974792,-9.385485027346014,-2.5236414022788405,50,walking
1783066758670563800,9.0457095,-0.8863815607413649,-0.6374240433126688,-1.1905816574424504,-1.0436391830444336,-1.0678105354309082,-0.7112338542938232,1.3930543409414589,-9.305545813712476,-2.763442676566541,50,walking
1783066758690489000,9.0656347,-0.428362921334058,-0.2800619730055332,-1.661774105069041,-0.92173433303833,-1.3159279823303225,-0.5294171571731567,1.4415592825219037,-9.231951585191489,-2.977141249087453,50,walking
1783066758710413000,9.0855587,-0.4809500176616013,0.1823766748011112,-1.1708256943538784,-0.815491795539856,-1.4563994407653809,-0.3410483300685882,1.4335430031962693,-9.16586904747486,-3.178391258923709,50,walking
1783066758730338000,9.1054837,-1.2856275470539926,0.9030050710231066,-0.0278819863989949,-0.6614459156990051,-1.285548210144043,-0.3216227293014526,1.3992023421771824,-9.108831401479245,-3.352880103084445,50,walking
1783066758750262000,9.1254077,-1.8404053097315127,1.370807291689515,0.5385083265304565,-0.5404205322265625,-1.025595784187317,-0.4538197517395019,1.3907443104334174,-9.057690996828676,-3.492055057279765,50,walking
1783066758770187000,9.1453327,-2.132795141651481,1.7065315306842326,0.3576940787404775,-0.5951486229896545,-0.9628450870513916,-0.6901775598526001,1.4208195690929888,-9.003310002821683,-3.6182974646657695,50,walking
1783066758790111000,9.1652567,-2.0609850200682875,1.8912661667883397,0.641136926355958,-0.8412492275238037,-0.9505407810211182,-0.9547936320304872,1.4980482085935771,-8.92662774515748,-3.773800453327596,50,walking
1783066758810035000,9.1851807,-2.2559613564625383,0.9672463647872208,0.1216886896044015,-0.9877424836158752,-1.071837067604065,-1.334661602973938,1.6208992199756205,-8.819926781326531,-3.968871190007031,50,walking
1783066758829960200,9.2051059,-1.8870342283070087,0.3487017939895391,0.1133142444908618,-1.1160283088684082,-0.949854850769043,-1.4765537977218628,1.7879742807485162,-8.685311974653601,-4.187945902608335,50,walking
1783066758849884200,9.2250299,-1.5220397634252905,-0.0359644628286361,0.1261404083162546,-1.2056411504745483,-0.8458720445632935,-1.4326876401901243,1.962422939029336,-8.531834646600485,-4.418943108193576,50,walking
1783066758869809000,9.2449547,-0.9910698695756496,-0.2000152073442936,-0.3674932959601283,-1.302592158317566,-0.8163036704063416,-1.4550867080688477,2.128614933357388,-8.35910550558865,-4.665268231292068,50,walking
1783066758889733000,9.2648787,-1.2360545378506185,-0.2551584178954362,0.1638005691468715,-1.3695564270019531,-0.4954380095005035,-1.3641918897628784,2.2960871767543254,-8.169288451653719,-4.915392454412579,50,walking
1783066758909657900,9.2848036,-1.192859539246559,-0.3807219031065702,0.5321884758591652,-1.334331512451172,-0.3391788899898529,-1.3412399291992188,2.476151629090309,-7.968757111480832,-5.151501888445019,50,walking
1783066758929582000,9.3047277,-0.7911424866452813,-0.7456897722423076,-1.1105968511015176,-1.16383957862854,-0.8845681548118591,-1.2425422668457031,2.617319802929461,-7.770635170537233,-5.379335661563277,50,walking
1783066758949507000,9.3246527,-0.3099444855719804,-0.5710206030786037,-1.2444821744561194,-0.9539761543273926,-1.28861403465271,-0.9528072476387024,2.6625468918830157,-7.596499085336923,-5.601288559949397,50,walking
1783066758969431000,9.3445767,-0.1947676620796322,-0.6844365543782711,-0.9275427154302596,-0.6333385109901428,-1.3705270290374756,-0.8418028950691223,2.6467291450262067,-7.458841257706284,-5.790586558446288,50,walking
1783066758989355300,9.364501,-0.3472694230988621,-0.788459238910675,-0.8218892148256302,-0.2017119377851486,-1.2872766256332395,-0.7174272537231445,2.605899414248764,-7.367837629222869,-5.924073237872124,50,walking
1783066759009280300,9.384426,-0.4812506080433726,-1.217891689172387,-0.0471551344066858,0.1631548702716827,-1.1021463871002195,-0.4421035945415497,2.5483444663807746,-7.337787943395972,-5.986083411583304,50,walking
1783066759029204200,9.4043499,-0.7987228587716817,-0.3592173427850008,-0.0860188258081674,0.2162761092185974,-1.0137947797775269,-0.4972186386585235,2.484839085675776,-7.342779175812005,-6.0066258488744495,50,walking
1783066759049129200,9.4242749,-0.7375244398348033,-0.4738292258709669,-0.3445072649091482,0.1756358593702316,-0.9725114703178406,-0.5875906348228455,2.447882104678452,-7.33635528024435,-6.029605157923698,50,walking
1783066759069053200,9.4441989,-0.4386800249479711,-0.8459493048489093,0.2589753458350897,0.2103467136621475,-0.8123357892036438,-0.4256860017776489,2.4165897253140805,-7.335037767904996,-6.043815469583869,50,walking
1783066759088978200,9.4641239,-0.1328027888149023,-0.7696025627493858,-0.1792243482500314,0.2324466407299041,-1.0124963521957395,-0.2214849591255188,2.356417434554547,-7.346141930243372,-6.054079089444875,50,walking
1783066759108902100,9.4840478,-0.1387809864416718,-0.4930751936107874,-0.3366419383615255,0.3037189841270447,-0.9922752380371094,-0.0229060146957635,2.245678301248699,-7.373373051518201,-6.06305909923613,50,walking
1783066759128826000,9.5039717,-0.2547572897486388,-0.5116600670933723,0.0709001671314239,0.1775873601436615,-0.7917719483375549,-0.0557309836149215,2.146475876479596,-7.402672795760631,-6.063288231816888,50,walking
1783066759148751400,9.5238971,-0.1724700516842305,-0.4519827202439307,-0.1591618034303188,-0.1001472771167755,-0.7317402362823486,-0.1203130334615707,2.065684868322313,-7.404590027558803,-6.088955757036805,50,walking
1783066759168675000,9.5438207,-0.1152406825087964,-0.549525979629159,0.3066542118549347,-0.3996123075485229,-0.6241782307624817,-0.1697001308202743,2.0051636179946364,-7.367949272903799,-6.153294665956497,50,walking
1783066759188600300,9.563746,0.1078952881820499,-0.5252484474629163,0.3730804484426975,-0.7159199118614197,-0.605911374092102,-0.2270683348178863,1.9583007445327936,-7.290922147324681,-6.259225814458728,50,walking
